0.04285555910183785 -0.011599431046572154 -0.044471152238919405 0.025560772712541868 0.041170971733066455 0.0484683819570228 0.19497961278089915 -0.01983693054538104 -0.027873345894972274 -0.0014169219205877508 -0.1326774973687661 -0.12991845416135595 -0.02684236107929548 0.057437019868116286 -0.024289835726551638 -0.08252320506232937 -0.03481198357403333 0.057280009948764685 0.10887670547157746 -0.1649019328450128 0.11286067880243414 -0.08665699931823523 -0.08242743745635672 -0.0613136999012255 -0.1727509657871597
0.02613671954802977 -0.01068521208828478 -0.019426892362817815 0.0474134145971198 -0.00704608252724878 -0.05568090979530943 0.1355236254439767 0.041656502734651095 -0.08181259080135994 0.04990606940612473 0.1991261679842894 -0.08802503606070762 0.08978142700626794 -0.08586984059228002 0.0679935476922926 0.005671033910806783 -0.005152545100357563 -0.08124470919099627 0.18616635121185965 -0.07420910936147727 0.14778840554928638 0.027305943188921517 0.14199023694696025 -0.18704290330542703 0.13555704801778717
0.01654816077331675 0.0010044940791016808 -0.004040912516100253 0.009788290414773086 -0.007539683405732856 -0.011605664658657136 0.04512319564444903 -0.00038848270180937445 -0.006559218763082842 0.028646083195507682 0.04757380192812924 -0.023314645609920713 0.03557600720378727 -0.01393235803475755 -0.006411228706829701 0.016249125928806934 0.002556545251906284 -0.0014310044373128208 0.0759865757098051 -0.014409455085157034 0.03399686048055496 0.008981045634095028 0.04085243420892974 -0.0417005632890045 0.014727016133468083
0.14370763420576546 0.07295448462503598 -0.41615352262021876 0.10609712900017919 -0.2483445640667365 -0.01739672973488132 -0.04044364585175985 0.0014161483203088238 0.022330444269389026 -0.1601417368011371 -0.09844081257827444 0.11586659294127143 0.6047511990695001 0.08350832567578503 -0.007823230717190282 -0.13668594587011826 0.1421522117062725 -0.12252977874027662 -0.16445055504839853 -0.014802411059692643 -0.1695644002604015 -0.02628933981042683 -0.0761686008008986 0.040404839938686446 0.15534236543421404
-0.01998111229217338 -0.0033767746979072063 -0.013284659474541858 -0.014697015107027811 0.004671333622010251 0.0415739534117061 -0.06397895564574183 -0.05357981908298884 -0.03177240929628289 0.09170575365808194 0.0721416300580299 0.04294936363270978 -0.05321693457144648 -0.033534658686040074 0.007341615213202342 -0.11418556764696777 0.040134337509498755 0.16537547237727862 -0.07766577842071362 -0.06791336847222151 0.12491805361675606 0.0007197479546673831 0.01061219776810398 0.009345209955778318 0.06897414019082068
-0.018654399567171152 0.0037706516305647457 0.007253474714003141 -0.005003083921524606 0.0032764713367765077 -0.0013436170177869935 -0.02924864595075006 -0.020884442317892757 -0.018589092248420515 0.02631732459258263 0.046001713942993135 -0.03020653422269308 0.010291856785648614 -0.032496653732929516 0.00031846792290726907 -0.046367519692059406 -0.020474876602636288 -0.0551197885072337 0.05452390606029022 0.021391993648655586 0.0029662831801360715 0.015209966879897441 -0.005739096891197691 0.006060652831931744 0.026558931119333672
-0.000707549509788932 -0.005861622460574242 -0.005624229367921185 0.0053519324548977985 0.00352035862330361 0.0001640015876011214 0.010283446988838797 -0.0052192236079775705 -0.006572166043302045 -0.004922724903813316 0.010457990941811997 -0.004076606320511636 -0.004133782498058192 -0.0216982072042236 0.01509942027525962 0.004742506531034559 -0.010866744826471316 -0.01159018085851501 0.021718761202264517 -0.009607906683958991 0.012844651873664945 0.01828442809725939 0.027808913438741697 -0.02487114808263889 0.010127035922579845
0.039676179276698816 0.012439420684936515 -0.1342912892168623 0.03229536202889322 -0.06862097057359465 0.004705565642527724 -0.015405758366196459 -0.04813254341120246 -0.010815144566795911 -0.02687643298246008 -0.01682160264611681 0.04028989888571972 0.17840412109282872 0.029416040742522527 0.019048343819844424 -0.026915838072573396 0.04652881554656043 -0.05375103249464397 -0.002109829077173651 0.007257382611342425 -0.06584453122592775 -0.0028335176776877755 0.0313642807586407 0.019570412727313795 0.01905016244958828
0.01061279882402374 0.012905384207982895 -0.015971542362622763 0.0048609940574941566 -0.020161640064780138 -0.018581311829792578 0.0004448758370455966 0.04067640459802732 0.013211554329931529 -0.023346350586061715 -0.010124257961702328 0.005681437976920262 0.051879585106999186 0.00784593280554482 -0.018575400008435588 -0.002734912085460992 0.007850845802688924 -0.023017714195873056 -0.043437953278619296 0.002017969868014577 -0.012227096757056386 -0.007040418967077295 -0.0494819663286392 0.0016343694339279232 0.03283487710439938
-0.029410632911645123 0.013190676513450548 -0.02930212932548517 0.010290354391264318 0.040230160660323915 0.02012615447970455 0.02352479430087377 0.062134568139644464 -0.016322111550613187 0.040173300561010254 0.0019126711511904448 -0.04039556674735623 -0.006045396102847719 -0.015150991024914016 -0.019919114834944424 -0.17661162432892266 0.023435691134964985 0.020412068293616706 -0.06902014673426585 -0.18508574607088457 0.15610118150597407 -0.08450325994838369 -0.03253172362518314 0.029744788279303845 0.05749330791453128
-0.10219764679950226 0.08473865763002396 0.04220819784169181 -0.07930983775098654 0.025727263123374755 0.10434809597806505 -0.34524461861683114 0.013501736863403953 -0.10000593615694792 0.029282673046461268 0.1628642455227522 -0.14298439122510034 -0.025559269938076095 -0.16960005673108233 0.13452882576198186 -0.6409995218210948 -0.037694965702728844 -0.06102064172785058 0.03389458056810934 -0.10578590295561498 -0.23321509984316457 0.20790209261313505 -0.03535568906808693 0.15947245009147681 -0.08013778251745025
0.00768769594501658 0.004845711550053585 -0.026553881175880496 0.00649423381397559 -0.014998243266076657 0.0007905048122417394 -0.005209757188103147 6.612990902895002e-05 0.005255792886858798 -0.01387392653406566 -0.009864373098171208 0.008597069093548765 0.03339204239778849 -0.0011495340905863635 0.0044182912713078525 -0.01703255573588135 0.007329103653194128 -0.011375260357389868 -0.01398924340822409 -0.01017647717178206 -0.010421138249468847 -0.008357814042492114 0.000884619137069529 -0.0015966210620568743 0.005383547364730567
0.004641031791658466 0.0026455049631685127 0.0132360833803973 -0.0005710476945078096 -0.0047070500076025375 -0.006960932374949815 0.004876030429868505 0.021174780181084842 0.008319849454920822 -0.017341587175195343 -0.008291493942569105 -0.012566103048991669 0.012436798870440961 0.0009866873837068137 -0.013263272569637828 0.034561918336003444 0.01159477771405567 -0.009146989032533213 0.018172540863934623 0.019971217806163642 -0.03647880566701975 -0.008182882603623142 -0.01918201638298811 -0.030858039724269024 -0.014272599294795029
0.008446477429354175 0.005790128204082259 0.08791201673228972 -0.02920326231202156 0.006180095485407088 0.013104167149877428 -0.03157853775392396 0.08857845714276033 0.06558471296043121 -0.06085720065387227 -0.0007344945840005329 0.11153938615958744 -0.06731227454970473 -0.004770112105657985 -0.0827681550868017 0.11766435223042385 -0.025692184246945537 -0.023550149224755037 0.018748026844638485 0.009929252303018998 -0.2083644310817015 0.16182122790919753 0.05605685750267352 0.05756627709217097 -0.09826014287607648
0.10633814504484985 0.04124543019279369 0.056371397049333465 0.01208600153396996 0.001782189875362573 0.02885565565232477 0.10561526139696369 0.048579768493069636 0.02635791410174703 -0.12081092692053474 0.032392932595304076 0.05306687320132335 -0.04511931294210011 0.0640150124390616 0.06804604048034327 0.010133346937379793 0.08446540292354746 0.15154395296143586 0.0835453100775235 -0.03034530101349838 -0.14888475712875046 -0.09152375725390187 0.12215479100728416 0.22540405706461028 -0.04327629753005785
-0.03328879112110241 -0.00807563551899173 -0.005417650553987667 0.014349438844089806 0.04357010336822023 0.017463807241003056 0.0021649900912483794 0.0008916568636983494 -0.006388472416199662 0.005312359908870555 -0.02850168449606832 -0.004482538785125961 -0.0005893271434448129 0.022565581289290235 -0.021004462998535166 -0.0028096600303752555 0.0046417700725499425 0.03047127779940761 0.0072559995122320605 -0.006259913718940807 -0.03204404555693747 -0.018811464453621526 -0.009405900545798613 0.014168799507441994 -0.03891518260801618
-0.06984828699201534 -0.0032258381900610584 0.030486400657269368 -0.0023882261448289932 0.016780853178599914 -0.0001866038441509651 -0.12417821613108573 0.02133752346441886 0.04943988446502483 0.03817448591296181 0.01606967709226355 -0.012765856310247752 -0.040226944022082205 -0.011146913223953617 0.19541160207597152 0.01940017807235368 0.22069420351062602 0.10875965621752964 -0.23032877072766356 0.15320954123601177 0.10417957262645122 -0.0420852872552184 0.0815858767927561 0.11033881309575606 0.08181655414066549
-0.053055622810290144 -0.0053393079273525365 0.0428620786831761 -0.010045286545031914 0.057166975812467775 -0.007195697399065475 0.005890564683600402 0.04868754404368344 -0.03621232020928698 0.00910853993571645 -0.05207138133939552 0.021969424165263426 -0.07278227845031152 -0.0341204143916051 0.11333645171501543 0.05083605968797812 0.08228423125765903 0.094166226076235 -0.3395607022856914 -0.10213348451689029 0.06473139249573759 0.13173547564313445 0.2718110721426203 0.08453086942203272 0.12884967164243274
0.024431321270480352 -0.017250921348523896 -0.057615960879363375 0.021175667648140852 -0.031220714014202258 -0.001958889196119841 0.022860673364512238 -0.10715150143549554 -0.007402900688794826 0.0631892049442407 0.0047210796278792785 0.05459055417695383 0.07182854773040102 0.05963981409640497 0.009224362200063065 0.047966332684046945 -0.009282947077360416 0.04685062411410459 0.051709070682770655 0.07492627133089858 -0.008896673523566632 0.05183058251740312 0.04447209263049786 0.024799707915660496 -0.03782916451142829
0.0038598801418516142 0.0038428098836813768 0.02898167971776624 -0.0074277618084996454 0.008069551243217976 -0.002011524629543697 0.013168600337789793 0.021274157788378597 0.003002202061169211 -0.0019366394636426178 0.003498374495297427 0.005124280358118843 -0.0284682482731232 0.013623759381198584 -0.017801832350524464 0.009320866964327509 0.004936559001681816 0.016372186829795035 0.010382491182089526 0.0019520703192215762 -0.01176262643013758 -0.025358820565191786 -0.015031234525784299 -0.0008075956979965602 -0.014724718547157942
0.0007960946256146936 0.0016442908996946821 -0.0053058270782926215 0.001982535763360794 -0.006151858981965137 0.0004799949687494531 -0.00041335579229666666 -0.010772173862258178 -0.004632493911601798 0.010652592405278785 0.0019008318825141984 0.0018280056834573805 0.013248180314951752 0.005923817017948821 -0.00565482248659576 0.0017133802052430017 0.0070609127740731935 0.005370383295425771 -0.004326755875247599 0.012804832385573265 0.004401895680684347 0.0121497864021618 0.0077070393325946035 0.0031457436641376952 -0.0029307731876419348
0.0010906223822563462 0.01141117681066613 -0.023755863328261986 0.010994265433684444 -0.007504767500059107 0.007719343999636131 -0.0051110211340612294 0.0006253060639324646 -0.00475398315019807 -0.013687221567874254 0.007712129641414034 -0.0033668865591890704 0.029949482888977735 -0.005170234642180475 0.02726349894877818 0.004871909150064293 0.07269883000862119 0.022838559974815927 0.020594773591264517 0.027571193920238032 -0.012055789017889992 -0.016556018587001717 0.0030665635032780664 -0.015958484129545196 -0.005861039259912502
0.0059738518797067715 0.013049386965221559 -0.009763224760216677 -0.0068571239303237795 -0.015501451171521782 0.010554355837459123 -0.004198211021847036 -0.0036619442465234383 0.019971196687550014 0.013301051364878726 -0.017938455793634917 -0.05514196675900818 0.012580453154323651 -0.027225076858740125 0.009891401850741806 -0.07919784677243993 0.03197159657581705 0.011521373502036043 -0.059003796824148934 -0.05347090625515064 0.09715900511116515 -0.012187694375031052 -0.033615629285805304 -0.0030785157512001737 0.006173498967300563
0.05635882249575597 0.01997189785062228 -0.031319307423519356 -0.03176858978206104 -0.08428846680991249 -0.010246382128291973 -0.02275721818368736 -0.19594602079337475 -0.04469232126747736 0.12176367721227353 0.08312229723555772 0.02676705744240174 -0.015172964205511072 0.04072340879822526 0.018525355424358837 -0.0732238081014618 -0.028521882849568567 0.09633982476637071 9.743277189817717e-05 0.0346395154437505 0.14921293490892135 0.06891674042991128 0.07415425459861685 0.0430167827242615 -0.01526251972312135
0.01110426006689472 -0.032886347689180306 -0.08738112523028015 0.018873824369249337 -0.026471625482932967 0.02286070680707723 0.0024044570512244145 -0.20338759751749663 -0.0352822974055022 0.12466749346675662 -0.007485142959715511 0.09086937696514791 0.02872421863087396 0.06274196918940378 0.012915870037413693 0.008781441797705559 -0.03006647366231836 0.08372531319464753 0.05870277203888672 0.08483657133995064 0.047003240869263885 0.10500232064681002 0.049249561054969374 0.054498939648417566 -0.06713703422206421
-0.004355234462224093 0.001373854117405209 0.009346790081310636 -0.0017527201880928808 0.009822317974897703 0.005980144242629248 -0.0049701124273589655 0.03143091941306271 0.0005608746012244295 -0.021584482763233933 0.00859432587648636 -0.008781414138995991 -0.011799975737757545 -0.021307859329739266 0.0073036943814921455 -0.02318323198694178 0.00030206992482181453 -0.02056217509470556 0.006842542623917185 -0.02422508177677223 -0.0038000800393067757 -0.020440061631000206 -0.0234182619511292 -0.0035000466420556584 0.018714698736216562
0.0024756879098118355 0.008907484344959115 -0.02719971017029759 0.0054994078618709795 -0.013685322320146886 -0.0008587269432525777 -0.005697094188377604 0.0011414480118295866 -0.0043128392041570296 0.0020439762322403575 0.01023899710866955 -0.01440500159523068 0.04750182528846029 -0.004768298087288572 -0.0011329842939950439 -0.01845636878321606 0.02458173152459206 -0.016553819644119727 0.004270933847027155 -0.009471684055158887 1.5786056578724617e-05 -0.0149203990943195 -0.01954509715106018 -0.02077492926437217 0.012973643406906224
0.0023512573520749445 -0.012245711067949971 -0.017040910792309776 0.011018145805393054 0.0012448413097837843 0.005378620463446698 -0.009793004206662067 -0.01966378858411085 -0.0027337037983421243 -0.009495841218532908 -0.0065870915199487045 0.04827453990877595 0.016429905338383028 0.01723660507627847 0.009493326826647922 0.03820179403894124 -0.01156322526562612 0.004075635681698524 0.00595355499679317 0.026210155071759708 -0.049884012046127406 0.03364595523312932 0.06925782070088679 0.030856819674554496 -0.0017498637240401542
-0.015625211874087337 0.011409867130725705 -0.013492314348284193 0.011381719553238176 0.032956988803344654 0.02421142141548737 0.03370304673167214 0.04091340916223675 -0.021072828690776157 0.005523216037469146 -0.007477939172732365 -0.02428387404017244 -0.04006010126480108 -0.04580432456670079 -0.022323029422550315 -0.13575745052241378 0.013572475670943034 0.03094712128218982 -0.007259020223908967 -0.16221817219024967 0.1540094509420078 -0.04645352811017156 -0.04878111387429129 -0.03299236156518645 0.015924900821734585
0.008040904594707889 0.008995220878441098 -0.020996331671180878 -0.0027053572012260257 -0.0010691888466925284 0.014063858708224228 0.022430774925371273 -0.018121133402614866 -0.014603649859309694 0.03369096398649805 0.01819179859676093 0.014659173810174252 -0.03815794801451251 -0.013966745172145734 -0.01175662658912264 -0.07072656389367522 0.016213993370411073 0.06518057107444236 -0.039703284536308434 -0.09142501208959612 0.13102622250064233 -0.016659792420882898 0.006164341363977612 0.007979279993547831 0.031508248690500694
0.023271609610315384 -0.02571410532802298 -0.09189388372426419 2.6513548103172646e-05 -0.06347656017749156 0.016766170733484794 -0.04085057121265641 -0.2865903817078639 -0.03896596057506568 0.17379412320971108 0.03200995014127748 0.11598437321811304 0.02709936103475152 0.07851604598602721 0.019696805664544 -0.0005324788664351095 -0.045345818253976475 0.11817953121550098 0.04873334236505357 0.12786286120250154 0.04800094673842868 0.1328136775215483 0.09068321217196788 0.08658177714036724 -0.07802665205812095
-0.0010149082811239196 -0.005826262512578423 0.00872810011796176 0.0014581777172565057 0.009591842165266417 0.0013900360919087455 0.007887403443304904 -0.0013435761905731328 -0.002133990286499435 0.005183530490479129 0.0003807428833705834 0.0070070191120208195 -0.006580486375659887 0.005664995939500633 -0.0007882439927865416 0.00969752789568879 -0.007034486654294319 0.016554137976755586 0.007873681763731852 -0.008057012157962545 0.005488864863429511 0.008699459353662942 0.03348416408613384 0.005829811385943098 7.819847244482211e-05
0.001110138019321571 -0.002967173023433539 0.006666455087146915 -0.0031268345749515297 0.003550285161684205 0.001063519347097301 0.0053304999555268155 -0.002779393975570688 -0.0004217991366616248 -0.001900610550875117 0.0022239949987333486 -0.010115066493198393 -0.009869714812944123 0.0004144940025124701 0.008612127303658247 0.009390017087429392 -0.003422185597578662 0.006608995894426798 -0.0066796230434892625 0.0008105722351554867 0.01539144826597035 0.008315274658148967 0.0044363193140441615 0.013069318565101528 0.010279831379243626
-0.0007539723521831418 -0.0047386388893708095 -0.0008037753948435039 -0.0028259023877221867 -0.005130504516935022 -0.0023896997939794975 -0.013780762561586245 -0.016855984673172102 0.004073777451695179 0.0048151490835613 0.002763376408427352 0.00453229000026525 0.010301858292694253 0.005035833049391001 0.012647530463292945 0.016974609682519858 -0.006808029853414205 -0.005747330249464864 -0.003239089184107169 0.03203711797995203 -0.017625395537541656 0.018660524778768322 0.020626412558223485 0.012230555394878224 0.00769397176899674
-0.02493155525466212 0.007672756737006584 0.014509437252043329 -0.014838791122284142 0.013941564355457363 0.015898438343970034 -0.06325087268997022 0.0115523718843367 -0.011971586051205067 -0.002484671951721929 0.028379327875782255 -0.044817449749941236 -0.008403854939940275 -0.03400579681628398 0.02409263962631922 -0.0978850563651188 -0.01783293355221102 -0.0317195456350672 0.002010492801612635 -0.025938944247762556 -0.03235705937758949 0.007387003559424272 -0.011761680310781165 0.018959328290271263 0.003512198839498326
0.01029405886735777 -0.025871360064979688 0.04412295605844351 -0.02146698065653974 0.0030977809284379637 0.009355556998990391 -0.010965736016039103 0.037860078678682414 0.008396598585895499 -0.010760793532896202 -0.015517511939988977 0.07157409542675056 -0.02552353109045509 -0.005735014690687601 -0.04379560441363781 0.11735627530692196 -0.05501249455600069 -0.01645042300644181 0.05222034089179886 -0.10513296913208621 -0.20304775455164162 0.20195846089256853 0.08283617305618879 0.005233660255134876 -0.05766946710455334
0.23590816946501378 0.11942681872892186 0.10201538817044904 -0.08008850281298374 -0.15243854116473296 -0.0337448035336023 0.07126174982865756 -0.061073276645948193 0.038593740068312433 -0.1610549234123196 0.11275675091763813 0.0058692485402713525 -0.0882258168716497 0.03938189207595762 0.013916246493965882 -0.03812935937732541 0.007285487364491421 0.09510867933845181 0.042029432313235235 -0.03596623183458535 -0.111775385858047 -0.11821496436097992 0.05810930017680592 0.11995405840003905 -0.013839564971959983
-0.020012124436468912 -0.009418865758317832 -0.008348137374486288 0.01005656362317721 0.019132057109279448 0.0024111812408236745 -0.00498684844177957 -0.001521783931559886 -0.004297999989924122 0.0013824276376019956 -0.011554632410035128 -0.004287739842443518 -0.00749223735903208 -0.005872561314463264 0.01790881607814989 0.010517973744309852 0.002637446029857076 0.0033362587769457316 -0.01186008021247424 5.414213284313081e-05 0.001782550917457354 0.014101176351273767 0.015206097501289264 0.011450299248134713 0.0001313355944432444
-0.05855048824928145 -0.01396654340105379 0.061580766905774395 -0.05147623147804384 -0.002651930846278711 0.034332115731518766 -0.2307725203976527 -0.017959668508030515 0.1476408064879003 -0.014306024000808713 -0.02629942210611603 -0.17642097626476919 -0.004410795951231147 -0.023204713385665852 -0.005540820342460848 0.1256212478263432 0.09372908212898283 -0.05912706766669192 -0.052871820444313926 0.1518718421391939 -0.086016612316159 -0.11346822276732392 -0.07305261954089101 0.08298955201319089 -0.12303663882283972
-0.04179063941852793 0.024176574004076065 0.03407870683867753 0.027854761916725493 0.042224716787324576 0.01723254083655619 -0.06418089405889896 0.058690365080674836 0.00589278130854723 -0.03177531181219082 0.05493504463011127 0.05339350518823426 -0.026264149402778107 -0.02330008023283949 0.11953361471631337 -0.04961133855318904 0.15194743349185488 0.15134194132026746 0.07117100059914189 0.12755853059192476 -0.07590019575071733 -0.04977050393855053 0.0015011644324475527 0.022356714857222727 -0.0007082111492568641
-0.012216616304520743 -0.026376401549535293 -0.020180738717209837 0.018328732294207416 0.01916462403792695 0.015213850547701198 0.04120936185020271 0.0229796054197966 -0.021822266420999988 0.025474904044045416 -0.025934627332546343 0.047060124799226014 -0.016798746522681235 0.03750342078441168 0.033409365703407495 -0.0073878549799639886 -0.006786072231499519 0.005697672761700748 0.023121187570039458 0.006773385987421944 0.041584067337901945 -0.03289036170844953 0.01605806284602168 0.07069950318141166 0.0034848509524097217
0.047828383400199785 0.029364492142276682 0.022035654894486643 -0.03185307145946698 -0.06312926327391058 -0.017420633047055593 -0.018672776265701338 -0.006166312146827795 0.010940104157912628 -0.03279598418415278 0.02586725003286315 0.014448684798948369 -0.029146405953981422 -0.017651020430715827 0.004319839054161516 -0.018189809192357357 0.005081853919817514 -0.014161458232430162 -0.03195620225884973 0.011096367138685469 0.011291637479310793 -0.004368723758360837 -0.03276410444540237 -0.030160374149803798 0.037790493039101744
-0.006591747382408138 0.0009496355018564882 0.0042322511106672855 -0.008525091737524056 -0.0025926642595122773 0.0006156507255003196 -0.015103892777987077 -0.00685556644053972 0.003005621504230156 -0.002907148659370762 -0.011257609090697262 -0.005468082246114705 -0.023766337440661218 -0.009884262048358261 0.004896352976071128 -0.003338478632849786 -0.00537679246999458 -0.01047788724517284 -0.03819143830627232 0.0027741733732421243 0.015415477506650326 0.005355070632401739 0.004941711857505959 -0.005443743283365894 -0.0009222133326322003
-0.0017796147784461113 -0.030617686308432156 0.007615862489985281 -0.030812661778996817 -0.01588503132475065 -0.02640947590181676 -0.049855002591551366 -0.0781185392058116 0.03779586648152991 0.04332170626397841 -0.015365212715302903 -0.05896722482792593 -0.002452112218391099 0.05431453344050258 0.013950978826458505 0.015556446771996968 -0.09553033678033508 -0.06833264482473801 -0.05161075595846662 0.04030940645253442 0.03337303279292654 -0.06405920395655408 0.003625445910313543 0.07367711688989986 0.04022937318593746
-0.011831224672678789 0.01709042049667601 0.0029970507348826476 0.02140079367133991 -0.01179237662496031 -0.03087325818498702 -0.022055777171002728 0.011748712077569027 0.0035723014246962195 -0.015164380291091926 0.038024283980589844 0.03944966258297432 0.0168172923633614 -0.031105018344666186 0.03394191740174637 0.052844237981660505 0.06495322503484244 0.04885396959835785 0.047227735810972137 0.10563175607996064 0.003096130032151083 -0.03882154448739532 -0.03470516292358633 -0.12023481126778089 0.03900041502438527
-0.01943993597398064 -0.004093322127189669 0.02890101086945709 0.0049172443582674715 0.008045432525925033 -0.029647982136361335 -0.02828751732716784 0.047054597944648224 -0.007762068850607374 -0.012150190897453783 0.04030943308778741 0.051008201551541135 0.008303640982333424 0.0059957811780923746 0.024461730927005636 0.0137896983323911 -0.014922714826244412 -0.06851855920828587 -0.005604378149372402 0.054944167591611665 -0.03376488819187745 -0.007129612034130053 0.022595765766078333 0.06779182070716551 0.06988536705957009
0.0014633891445299894 0.0037874742923159955 0.018860980160189337 -0.0012870430680446848 0.0037183311168533543 0.0058714279023644456 -0.010166383291538869 0.0752724066566717 0.04310625540313456 -0.0653028619803704 -0.007973621789969087 -0.04209470107593796 0.01952976586721507 -0.052199323700635084 0.03289447892520134 0.008871422508872802 0.017709318735667355 -0.060698602535212955 0.011703301633428446 -0.03273086694817739 -0.057981552688337525 -0.03485369318120065 0.004572696084496246 -0.027277725835587907 0.023172953507874787
0.002144201038025258 0.0017469036661145786 0.0007779375866614756 0.0006278109737664439 -0.004277669843035847 -0.0036673313436425678 0.004213105887008057 -0.004772921912258844 0.0033887944299959187 0.006992035689878453 0.001338918065222656 -0.023131417365224574 0.010521810964989727 -0.006670278263217452 0.005680198716940533 0.007596626250316825 0.00576179308280581 0.006240086153458155 0.001590324911466578 -0.002919800373224439 0.006233932525535021 0.01586818044166459 0.012160756194513995 -0.02344140141625824 -0.00469961333459099
0.013062966413897653 -0.01619296958813262 -0.007254223870546094 -0.0031059812779590775 -0.010031670292182888 -0.03854437509956437 0.030079236447116943 0.003454233257116325 0.021450743350854333 0.005167970937305711 -0.05630136811486342 0.0067722044555920125 -0.0023614234137984773 0.052243462993356124 0.02621370569758131 -0.009012887229262068 -0.004325020579911566 -0.040916511727663425 -0.0258503674876632 -0.034534172325753835 -0.019387582583541778 0.01757097545462452 -0.08500984796656758 0.07029765843653434 0.058878073187643536
-0.007608930972690246 0.0031749093037111015 0.0018079488911580347 0.0021304673609945186 0.00020574481209464373 0.008385604097787639 -0.01670186782242779 0.004349787256206071 0.006903877278515687 -0.006535057713496506 0.0070717861769211635 0.022806221582720405 0.006002142942497955 -0.026795237522468103 0.008820460511629916 -0.006679697744678985 0.02088431407962857 -0.006390834329503042 0.023227618930991997 0.02154650874466933 -0.002515919833553199 0.02404156754719682 -0.019360236400647074 -0.016889867619711924 0.009294476588613066
-0.0056560677308247825 -0.02130314341999826 -0.015806372786576754 0.0063632333350394366 0.017542978311203456 0.006340041884288167 0.015408180251072568 -0.015931452857434962 -0.025236541011869687 0.03859131740311178 0.023940391538198106 0.04761748174475812 0.004480495572176142 0.02791845710233155 0.00424904196855177 0.021426361276545174 -0.011022783856708209 0.0411401994728907 -0.005465527127875648 -0.007321158843888939 0.04302875102900228 -0.022607070372925985 0.048108316167857636 0.05630031903014969 0.03434582377464128
0.0027117676873732394 -0.025088510729341474 -0.04796964492237167 0.01241624947070589 -0.0176610302883286 -0.003860142254784184 0.001314541422638817 -0.12126079792422849 -0.017174291021358173 0.07960554028341353 0.008521566422134494 0.056035530067073076 0.03213522776105301 0.06682014567132963 -0.005357989815934652 0.04026257880491295 -0.044904942200912935 0.04121696901174045 0.027013903663400556 0.07645692707865223 -0.0027822630654329022 0.05479844883954182 0.01589824166540927 0.051041203268342245 -0.023324796722079873
0.01594640173648867 -0.031970831506854 -0.0907477221742097 0.014533226849767713 -0.04581563897321323 0.017657364945650064 -0.021939613675671543 -0.24561203332996737 -0.04158387108307656 0.143041020498691 0.021427379982090607 0.11454194157790792 0.05428719108506444 0.0756073910970247 0.012588103022841147 0.011605907122402148 -0.041507668063797014 0.09210456687630883 0.09354574794497869 0.14517867501585632 0.023347055832372253 0.15325592672501687 0.07651417415367734 0.07324858941368867 -0.0711302727042664
0.009597075997166924 0.009086676151203036 0.008077138607847516 -0.00665903540082472 -0.011882788710468217 -0.001665409953640071 -0.0064444671174392065 0.00263869773028115 -0.0004624098760574806 -0.010632465204036767 0.010976399751718359 0.01788040873643994 0.00659111185979369 -0.005239501210422832 -0.019858783710394307 0.00218721963039813 -0.0037965661960625567 -0.01686093654880839 0.010462920548031303 0.009773059941976291 -0.021782921221645313 0.01023310973183587 -0.012929216131371277 -0.0050032948602664875 0.0090051969827905
0.0020447326348930705 0.015845923140612832 -0.024821924847754615 -0.0015683489462958897 -0.021821624673474996 0.00030702844441710554 -0.009496482795397991 -0.007086323677002737 0.011127981139922673 -0.012518833968519254 -0.01936611209855134 -0.04580097594187643 0.03432715387531457 -0.034129017380465275 0.012458261956055754 -0.03845857353132414 0.028754783708909288 -0.02697856568240513 0.005575325954538385 0.007098070871528589 0.01655428468125124 -0.008219971835819193 -0.06799108845459902 -0.03702233631189599 -0.004573174810468478
0.004909168344354223 0.007633153878523523 -0.007785345520623462 0.004385271953997615 -0.006573000597018668 0.0033348614004020042 0.011677903740144657 3.0525462645354186e-05 -0.004805714414367721 0.020266957675883657 0.01039405983559277 -0.008102740144364315 0.019455249280967334 0.0008272421387257434 -0.02549120559867547 -0.02049792846122742 0.018195088164125194 0.01795843603296965 0.01996050854940597 -0.02547014397370743 0.015268502695270886 0.0025300151344333057 -0.03714173631835085 -0.019869758033136023 -0.013418905708447008
0.01880268661668779 -0.0064297226977132775 -0.040921050474900376 0.0059132512529814964 -0.024668656611706665 0.003785763354749745 0.010627071710644755 -0.08871175734722875 -0.012788100141539556 0.055781728001569865 0.001781706902145143 0.053547781478050574 -0.004514641347739551 0.035459898926272104 -0.009927792697682824 0.007866224055947734 -0.005337502791799744 0.044814902187830234 -1.709829841498857e-05 0.03892534292238005 0.034743964587270804 0.04743434729904868 0.018562499704775186 0.021276788235812083 -0.03628395732796691
-0.026088903485086606 -0.022618294140635643 0.03513762587917391 -0.013851828948519154 0.018521736673285206 -0.005644310599875201 -0.04501756529879985 0.033005893747479434 0.007705345395082229 0.0036831547219723345 -0.011602122248795302 0.061377425894088726 -0.03179681721831614 -0.005271386790630788 -0.01875154662884725 0.07838776144545934 -0.02585637077811173 -0.03998589049305739 -0.005220708513595968 -0.034333020617928804 -0.12002780309008493 0.14057425397497691 0.03099158470603802 0.0605543252502045 0.002331530419644696
0.31938563320336955 0.17481420498361447 0.14070108118033312 -0.16253996190368597 -0.34870647977722546 -0.09523541926480839 0.06105694692262223 -0.059889051749458466 0.05589430032664307 -0.1258991947354545 0.12223442720078706 0.01811586819785968 -0.14006168918608708 -0.031394879092666146 0.01750496264903173 -0.03304222517227482 0.02806036227737445 -0.06419168999589492 -0.07962096097156197 0.07060817795103792 0.08186492589340877 0.10050993534222225 -0.049442840617300116 -0.07244578073326201 -0.014929924309280529
-0.045902198898613425 -0.02703226337864099 -0.023304014022791197 0.01999520010059846 0.03873988453064677 0.012146840336726167 -0.02117145553666606 0.007309918090824985 0.006187759243955969 0.03952392114442386 -0.028633793602219196 0.008686193322548708 0.03487428216842673 -0.000896454041850052 -0.011279613653025695 0.026186242166594802 -0.004396144809005969 -0.02267588871393757 0.008758423636239254 -0.006391461617208148 -0.0037437866494979474 0.03387919578176411 -0.00844005660927298 0.028770879710120063 0.0011111135618161322
-0.026175137638225127 -0.038706427282202596 0.0377493559577143 -0.019752713475259993 0.006483860082848949 0.029240418397632358 -0.07375640768756157 0.012169940632240393 0.10198930103392112 -0.0298888225722023 -0.05539128134135709 -0.07981557812465805 -0.014207903398296263 -0.02835101829960588 -0.029646033045190406 0.15544574047201842 -0.003447778028166324 -0.02799283050597676 -0.05216764495756091 0.031753710750560535 -0.09335191685712076 0.03724567781792886 0.007973397993394193 -0.05341210581742701 -0.07181500346006847
0.049929214337617454 0.020506233958456275 0.03052828226217107 0.009000435855244264 0.053083846994298085 0.016354635131636867 0.05107301516164955 -0.012196337175281183 -3.565306661617855e-05 -0.11117299281557391 0.019896211936970196 -0.01491701095794576 -0.023409553383660506 0.0615647200894093 0.0006603403039214343 -0.004395605340685526 -0.02038057006939093 0.12178436298194577 0.07545564345905764 -0.08375895809573225 -0.16407941699206835 -0.19602228597064988 0.11194477172407064 0.16392016395233538 -0.013771339044981047
0.008032531273608633 -0.01006325859972647 -0.0017827553941174776 0.02752714992019518 0.11324572669675557 0.029757139394675662 -0.0062735185930359 -0.09469626509597405 -0.008859710903694322 -0.06250529772100272 0.06904514684560448 -0.035799685822917614 0.014339252979391258 0.08886581536081467 -0.02061663983277105 -0.03408440620836283 -0.058130493832339716 0.18108529891940567 0.1309230872244765 -0.10685816384373678 -0.20597066717620366 -0.2883841949183012 0.08609445902806469 0.2012839655191771 0.015004108117546383
0.028695555272616628 0.01155868330510713 0.007764657951477444 -0.021827068324589374 -0.04035897675193052 -0.006926896336453972 -0.004695246639433206 -0.010340253311440496 0.00973314363198667 -0.00323790539381063 0.013280753919522948 -0.013193205446599658 -0.008732416429929205 -0.0158649947936419 -0.006673968374183633 -0.01017449840000762 -0.017354209326700253 -0.04219126083270347 -0.005353268911639464 0.006626083892113506 0.02694870577069259 0.0097520738160536 -0.010399854349788618 -0.02741479762292155 -0.0028247056639412148
-0.01397283688347654 -0.025579723438169433 0.006949064219537125 -0.07108812938109514 -0.04029425416245981 -0.007076521007479717 -0.19202869105457024 -0.19512019385780718 0.08710932707475144 0.0707811056378141 0.021916334520439562 -0.17451375839791275 0.02477987550244053 -0.03661322239806956 -0.0065557089524876065 0.015138393459418574 -0.1612621612723348 -0.11513197676378746 -0.07576102764801616 0.05391643972516706 0.02134846520540796 -0.1091990482908809 0.048407125813583335 0.07613236473487242 0.04941003234689174
-0.07689794851816817 0.009220127295854964 0.03766596702155323 0.019161615846646107 -0.0010988257457222228 0.013925743315410294 -0.15893295776272298 0.08440567272447679 0.0852306990968462 0.01366334749258542 0.0387984043441796 0.024974774652515023 0.001226089442732008 -0.05952076887899954 0.1453217276002163 0.05982351852776779 0.292753031733155 0.09588110200988602 0.02550830000905606 0.2724497604577858 0.030469652677413847 0.03182962237327892 -0.12480183150611504 -0.03258252527373236 -0.03726222919462767
-0.03392548262613683 0.00573994233269415 0.0282314679028959 -0.015516382697677172 0.009568297302767535 -0.0042109422826220695 -0.07586594759628681 -0.013064610215841491 -0.02507199242309846 0.003501165877125411 0.04452155086515228 0.016809892832182087 -0.01992802527933601 -0.05366648509853207 -0.04671294876585484 -0.01731279873769555 -0.06215495835280301 -0.022476645045275766 0.04911191612631102 0.00842812177732632 -0.07428109893437451 0.05570654843486874 -0.04246896176643369 -0.0741647791588464 -0.009786991649275656
0.016315861192134913 0.016391657634506174 0.012535193600812405 -0.022676425441936564 -0.03783648753137962 -0.010776720599878352 -0.020236906796828484 -0.009596046545445732 0.04168035102168135 -0.001748425626064382 -0.04101787835012781 -0.07029331718622306 -0.006300333310321233 -0.018667021349456085 -0.009121125717048855 0.0014419001836592177 0.0026097383352368664 -0.024131316197666057 -0.06232757326367553 -0.007511002765747465 0.006661196714505296 0.021832966416091504 -0.025560447973155764 -0.05497060446374102 -0.04452516293648683
-0.05558692424707539 -0.04082804588237466 -0.03728711286721788 0.03885257007263828 0.057835247612005695 0.00514526200531871 0.013071417051128478 0.006488283805107946 -0.02847735509694403 0.044495659768252434 -0.00982984210673493 0.0189353392231562 0.03267750340283458 0.011450924644113987 0.023224243749696283 0.02054370048774588 -0.0056239448129475665 0.007487593900022828 0.018954771073432842 0.001091189402785953 0.013809105762940463 0.025649031346236133 0.030184639483709814 0.02134720568004997 0.02036544935547257
0.0023615731387027234 -0.016037021545609778 -0.01191888672419518 -0.0002821816247054947 -0.008480363974410212 -0.0027559057624308744 -0.0030680824486949473 -0.03135125796399516 -0.0014505906410699817 0.03815438160700998 0.0010543746432277385 0.026550481486759592 -0.008620353220319555 0.0583429757940721 0.02365346341627956 -0.00601654198920274 -0.014518805518732013 0.008119899747303413 -0.03472094897014918 0.007195007602200036 0.029071936770193294 -0.0014700251116409175 0.029490831205102395 0.0851330326977357 -0.0024087124310173827
-0.03084316955087427 -0.005712063049256204 0.014801584914429266 -0.027379812080864065 -0.004280812546371633 -0.009352420660545077 -0.10850686715493126 -0.056930174438886164 -0.012563908575700423 -0.028186544955949598 -0.00018252413676544488 -0.08381747478196877 -0.012378206923358727 -0.01333692162884251 -0.025616817966349785 0.06331101919587687 -0.026048825183898047 -0.05970166501788685 -0.010881368204892349 0.12962686675794416 -0.03897964357583616 -0.14799865625194045 -0.11199259769168265 -0.14050662278570078 0.005685736719298118
-0.024358621674562524 0.012092113194203849 0.015907606951942592 0.0011553091986934553 0.007102758673886944 0.003594118029445896 -0.03370552650229994 0.029000341646062324 -0.05007071542822302 -0.005436917931402447 0.04780271441404043 0.04316145983139364 -0.015089679300802919 -0.04735010475938031 -0.023317600144385563 -0.054713922655874894 -0.026003067994792368 -0.018382330195803532 0.037966947377931715 0.017136349843825175 -0.01298830124721161 0.056566808917474225 -0.04415978051591545 -0.060516799957040256 0.01614713024167245
-0.025660930927184362 0.005998131866295361 0.011206470029439447 0.010708467422793213 0.015549984022573822 -0.03589886530940585 0.02157541399396117 0.06625843028113754 -0.05357442153282089 0.02143556198453201 0.09512216981585904 0.12726238174820984 -0.028613233970718594 0.023323065063361823 -0.03768089873551698 -0.08353988470995985 -0.041581693385770536 -0.09369689035534944 -0.024049241600932383 0.027057572475392665 0.04849073265232444 -0.04966329295865344 -0.08534459743384405 0.04169979201648463 0.1578615592600349
0.00217019885693793 0.004658760607373432 -0.009193765063584705 0.0006170935149484695 0.0029867307686997817 -0.0015816878306537786 0.026346402058768707 0.01574458107580239 -0.011606001579118647 0.010074488481992255 0.006887321331721085 -0.02318692329745177 0.011926408841772233 0.014555260514352445 -0.01707357667434919 -0.020095550114047768 0.012743381786774739 0.006429823809615678 -0.006613411322188419 -0.03679756072051521 0.05175596431797885 -0.04659101840920165 -0.04304867380544083 0.018849956868730235 0.03057016103673279
-0.012229493122093002 0.0019473449747169395 0.0025778771456345024 0.012190861232795877 0.004565230728503696 0.012874919868396686 -0.028255286306467016 0.0013761283137621425 0.037789616164916086 0.0119282141192953 -0.004425116064928327 -0.040871826036158077 0.0017095290375193244 0.0055700285282515236 0.09158689579328887 0.010830273214552781 0.12054126935835136 0.09533531689351346 0.006718698358575412 0.07195284369454227 0.02921230134789124 -0.03124493486640461 0.001323347965230504 0.013826432557015104 -0.048966664264871965
0.005220133027250877 -0.005360129215977866 0.00849723886509975 -0.0028974426719950747 -0.0029961568951606186 3.9373207905298626e-05 0.008087876452280375 -0.0009567586089624178 0.01647336254604208 0.010439661621837583 -0.014949770601110194 -0.043227641362733014 -0.00795538990114145 0.0041938081165258925 -0.005594649611939446 0.020888677223679045 -0.002091348642495131 0.020747123159665322 -0.009294842322399221 -0.018968407770629518 0.0028754127313182893 -0.0033206790884345886 -0.002484049787997357 -0.04299654221933708 -0.03481198252819866
-0.020143673192259327 0.0074769026907346246 0.0065360798238229 -0.002403756096769087 0.008192933304083156 -0.004810875442902347 -0.026564732685519097 0.03454384921973427 -0.0655844856746818 0.0026402480710026872 0.0747842887285761 0.08398301084172724 0.006288345708267916 -0.0011635763126400201 -0.006255995911926717 -0.026630079170584988 0.012582312596597651 -0.033288576258741376 -0.0004676153884769128 0.05784991440052359 0.0421190938651753 -0.057876489831631656 -0.045044333466381675 0.004021822002842855 0.07932142013045987
-0.005219565700744568 -0.02315175809257856 -0.03322528272669627 0.0015137488891132389 -0.0049775252074899055 0.010595132663387925 -0.015951472180246125 -0.09513913511755782 -0.025530530468045647 0.05941861061619619 0.0025371580429205706 0.012742153964940165 0.012784714967470611 0.028937858613857566 0.0077350981138617205 0.0013607040779966971 -0.032930630999111685 0.022456369469772766 0.028072881562604655 0.06485695801257849 0.043386232941984196 0.06126770650267614 0.039738315169229495 0.01805026994597805 -0.01524625255256707
-0.008368059034240273 -0.019341532830572758 -0.011128304893655476 0.0043827839356387725 0.010975050228421889 0.008902649979971861 -0.00819626396264874 0.009783028686993564 -0.006131498888570978 -0.0029352220241627034 -0.036544384864528164 0.007148069472738204 0.036793663296066544 0.009065392906467308 -0.016538131253270305 0.044691329564154864 -0.020574545709608868 -0.006346745373522357 0.013514677059119216 -0.04311267998093203 -0.06663121716020579 0.08455146587704503 0.040335287657857835 -0.0027982091304211178 -0.027309472857392717
0.11249614111878582 0.06318786119830476 0.02874226865853119 -0.04600959227686163 -0.11710108096868031 -0.02459800544523245 0.018093256640585288 -0.025719275506594152 0.023708994831516 -0.07865894138810645 0.03262680062386408 0.004194283481639174 -0.01742474803063106 -0.014772177409377404 -0.0020671308896407013 -0.009422459607222837 0.007141935251272601 -0.013623683231775298 -0.022568794125689576 0.024625522506220437 0.002540617163631992 0.04207263582563605 -0.002608611328256974 -0.023998643539238106 0.005528461834615597
-0.06018759823278186 -0.03362945538061554 -0.020888224373448415 0.028774019924778165 0.045065663921239174 0.004841782034792027 0.019458285350446854 0.05620732324362572 -0.010897454783412109 0.02332167438497905 -0.057954676770990296 -0.006892313915244556 0.027715321494247887 -0.01753139017239089 0.0022561578283299064 0.047940233812223045 -0.0005345942481460316 -0.05132996674031234 -0.019782123505065575 0.0004152779526995103 0.0424319391954284 0.0700129596471569 0.0030061267061882967 -0.059091599246850555 0.001899864314033689
0.004297799835358968 -0.012843615944227029 0.006967138195859445 -0.007623372115842471 0.0023862888095586856 0.011279765339990816 -0.004474633137378356 -0.017132451087108647 0.01828101232049786 -0.012895818303618793 -0.028862191915735923 -0.026059757178594378 -0.0006876944065241543 -0.018673693486314633 -0.008570940445409509 0.037755768056847716 -0.025791071359491734 -0.01402700341371093 0.031487995883643094 -0.05009411635400415 -0.04979743954940524 0.06744474394882778 0.01853164045846154 -0.01769744777571993 -0.032060472483922006
0.18680136170413217 0.10385989987154275 0.08680445150722295 -0.09834362267530179 -0.20764715928272634 -0.05120509101532837 0.046106264820823785 -0.02507455648343082 0.03871974885837677 -0.08857089560418029 0.06312596184780414 0.0059392512984312845 -0.0926012189776159 -0.033622425226551796 0.017344523599426225 -0.02622442895021914 0.02279082129320089 -0.045224701017582365 -0.05372364173279753 0.056882099295785075 0.06959233453369379 0.09527848298177777 -0.02413886748368986 -0.048712496880260886 -0.008937813433212843
0.2209009228575718 0.11214809863661587 0.09533423542790899 -0.10042667188315058 -0.19414728016696425 -0.038392382632625156 0.04532184258497431 -0.07206972735009114 0.05272601324507486 -0.11475785024416445 0.08436780551708814 0.01695101700806406 -0.11212415772121184 -0.006228827939654709 -0.013280377059556103 -0.04191909661109684 -0.011561179681500533 0.02335215397168948 -0.011681837372522208 0.005538634199056718 -0.016272519529727608 -0.0031800018701699934 0.02250896585003863 0.03877970465694512 -0.01393323799912391
-0.0009209235936321168 0.008732439253871623 0.0006710672510287102 -0.010642032903827306 -0.029849119567090063 -0.015917820185081272 -0.015519729464521967 -0.00394447615157824 -0.01344485365950092 0.019210337308375267 0.02371951574679121 -0.0036128234517215055 0.009062751445944497 -0.019183475410217615 0.009526667953885182 -0.023049604762834713 0.01303188278073351 -0.01857822033845979 -0.005461397381047884 0.03131318642685236 0.04026437750448837 0.049178362528561344 -0.03959743510406702 -0.061382948574059404 0.020325251645122774
0.010219903785523178 0.00764885990589346 0.015818091579392974 -0.010097218748166204 -0.00508555335982583 0.00014091972898104253 -0.021354787954786 -0.014218901546241837 0.01455616267336966 -0.004175834883417965 0.01187977482925468 -0.0057365031127317775 -0.012035699226335014 0.004680705645915197 -0.0002251439107150654 0.006367596318855457 0.0035836616796395223 0.019470107711760873 -0.004478926700968232 0.002231510227753912 -0.03227066944242498 -0.011201291898694838 0.004345239961214591 0.031467064430246904 -0.014042817648257992
-0.013450077027251707 -0.003803160200977051 0.013874048959844378 -0.026352516224354607 -0.006310837681460157 0.003789671108366764 -0.07223190638384105 -0.04242333574177528 0.04355045429119003 0.013331924845176538 0.013539509062029324 -0.05729298515224446 -0.005493766265235345 -0.019604251236469798 -0.020268543557381464 0.03369109397990087 -0.02451094932913502 -0.029007970732970845 -0.03591432212465885 0.049951679959801785 -0.012480115461424359 -0.07532925771043558 0.010624998561901328 0.01682134788603194 0.026946744368217854
-0.02980707036341634 0.000900737761701402 0.004874517916585181 0.013220306856249196 0.015230705769400717 -0.0019886512237561067 -0.002150999772992081 0.04704094032047169 -0.015218749229013027 -0.0009479526280685505 -0.008987573347108316 0.03659491363630353 -0.023681380139906352 -0.0122241845262924 0.03331445596149169 -0.013817395638909429 0.05659413675205894 0.013958744184071246 -0.013606922033925929 0.04019439287279523 0.03940655639537487 0.0303853525081971 -0.025261667669699187 -0.04418903224621105 0.004442152481707061
0.007870602209158948 -0.007528171591433923 -0.003282408535184994 0.024665849718508343 0.03767563771541215 0.021236484912691853 0.03671674252110941 0.03344100066113041 0.030530125233286777 -0.027181996150159864 -0.023604169165784488 0.030157264665450483 0.012391829112461021 0.03758513713066488 0.021628188930062263 0.015256024343709821 0.01901456968561306 0.041979663200069815 0.027471580903853054 -0.05049280417293662 -0.08271112538845474 -0.03224536685057259 0.0697870169505016 0.1548235633352844 -0.013519239674420133
0.02944904835255126 0.020442388818177688 0.02641477332218493 -0.024929467969778307 -0.020992032928441005 -0.0004446526106916711 -0.03443585905801721 -0.03335091824634499 0.0068038968740328325 -0.02615329408668006 0.04638078631697224 -0.003996516462587314 -0.022708898781560447 0.005776915973436018 0.005181985607643627 -0.020114569708186855 0.0035319956942541364 0.03086500403372628 0.003732279107617361 0.012536937327390184 -0.029209612212865957 -0.03241597382615873 -0.003736653952940455 0.03250309017900309 -0.0002864897492248046
0.020077644607578136 0.007564915682313194 0.0015905371132210779 0.01527179539370991 0.01932908429446054 -0.0023725295446009355 0.0511915664313312 0.013982682670562737 -0.015269168070095032 -0.03163990926915129 0.01552799290457901 -0.009920998456390558 0.022784148883365194 0.03325746851148162 -0.01334918242574282 -0.006627587342470383 -0.0024520698049369655 0.05245971696394323 0.04513524516341923 -0.04388795014783502 -0.04385009033486462 -0.09691654507008285 0.03791454866299982 0.025559583319547673 0.013376718642127732
-0.014772097367509836 -0.021296024212084937 -0.02087947510497545 -0.03707695457505978 -0.021934901281520286 -0.01955044804752456 -0.09209389376355086 -0.15953607327333386 0.03327447533140518 0.06712339139857719 0.013626132335325381 -0.07571802756433932 0.011940444124360142 -0.020192423339364482 -0.03617963115104131 0.01722359686358109 -0.15771843536660607 -0.057623764201661445 -0.06298064085618653 0.021714970807915398 0.06531326277097801 -0.08776444963680463 0.1089774846851804 5.06899585387896e-06 0.04903173211735249
-0.020712840166792437 -0.005474488965326162 0.030684493941238573 -0.024999753322409786 -0.010314792178530633 0.01970985199076679 -0.1303619636516502 -0.030862338349023657 0.06322187093760546 0.009516662021987803 0.011395168478091373 -0.0824835232462182 -0.004254229120589162 -0.0153940174907591 0.06186460964554259 0.010289021435824441 0.06058013090100987 -0.005428689110835022 0.0006884637814878192 0.07413462897588811 -0.04982097622582904 0.01454083778346104 -0.03999068177880484 0.08164656911642502 -0.061250711706101205
0.002618866397529507 0.011036714224467933 0.011846614192444423 0.014056508126154721 0.009351971968942838 -0.02361473825121789 0.050323954785955444 0.035287444533062186 -0.024824161828494548 -0.003317717503424413 0.02522334827403533 0.06679896856844533 0.01090365839245181 -0.03862284496987633 -0.00695160126669863 -0.02155533534320493 -0.04181171231550399 0.025242236527405836 0.004945768277268661 -0.05449284039593474 0.03304670113273779 0.0669853321167713 0.0874037792466313 -0.027739554922277 0.06921577340122904
-0.0062712165220079295 -0.004937907277320583 0.008767463466145016 0.011243788819443852 0.008496042622673535 -0.008899464076903495 0.014915420806807512 0.028030421652625682 0.006176415840760518 -0.03211107992807384 -0.041041644560933475 0.06091147813533187 -0.02200544851663585 0.018991419689761625 -0.040019777102661566 0.06055141584779968 0.001551760100972948 -0.005969718163758988 -0.031833614592181765 0.055427287272562985 -0.009574046845495775 -0.009293760783984903 -0.02589078268793068 -1.1145390801417e-05 0.01541907288881732
-0.00012464687203786375 0.0015581066976843617 0.018741258210587315 0.004526646412959164 0.024042097039612922 0.010000426447232272 0.002637571042503317 0.017439373823630627 0.023734479980177553 -0.025377850455252926 -0.015946739795947205 -0.013648494455591596 -0.011259439551281746 0.0039011638928272002 0.00873367762952404 0.030464710719492954 0.015999287991592247 0.022747144973033387 -0.01208486037143303 -0.001141647662247172 -0.029575775988163883 0.011339147572474234 0.02708187773823249 0.044544191481217334 -0.05042070919400703
0.0003320409631869855 -0.01612124816171767 -0.0015842231118454802 -0.02564127986551625 -0.02155739520472819 0.0019851388511295393 -0.04424782307868057 -0.06449891337300956 0.06608519600018387 0.056558868128643136 -0.014744907237676456 -0.07758753980796472 0.01575230861322531 0.006829766574835784 0.008159616458568462 -0.03324117889933361 -0.054930492028371046 -0.058602765070126725 -0.06334192573440235 0.004899249802738915 0.0673618694393558 -0.04177253702336477 0.012529754964456017 0.06803134913837737 0.03681015077623365
-0.03686039161162078 -0.011754725871325242 0.037711579436358604 -0.0658526683359971 -0.01465811005232055 -0.0624700788562606 -0.17205140252534726 -0.12734288018109258 0.07601471424441592 0.0329267286961473 0.05146900425101021 -0.159337318618405 0.007222718484721002 -0.047881424238925926 -0.07402513529760296 0.11044024987200513 -0.1969040467854058 -0.1205821842012917 -0.15595155725965976 0.07697934755464866 0.04860598591399791 -0.25952312516424925 0.13028165725963775 -0.012100442357960334 0.13648792739807833
-0.031832995921629914 0.006647514579681241 0.0025051780748862884 -0.004765877352939908 0.005062971694618751 -0.0016313980810979739 -0.03826827597996749 -0.0008707315219309668 -0.08840539431497209 -0.026846690238213795 0.004065621175686301 0.013511893329258819 -0.00445350911003203 -0.000704501769086742 -0.07506039436937001 -0.015101488683272567 -0.027266246509969446 -0.08311302435861417 0.002810586545494438 0.0966617203291628 -0.011924712053171228 -0.0835999445367872 -0.16306090668668602 -0.1308228404950876 0.04287685361601616
-0.031407924129292386 -0.004515327079786274 0.04799694406433286 -0.01357110099627061 0.02065911119897565 -0.0022839488673363773 -0.046462240479380724 0.07435036708610634 -0.016128198083444234 0.0004192866452978148 0.06835185994649162 0.1213927408269592 -0.04422582481053905 -0.01030100541767053 -0.05997901505521716 0.043108845114512746 -0.020441119431564042 -0.037878985368721155 0.01723328557839615 0.03293267820224041 -0.10970081205883647 0.09028298825264337 -0.020180893786306837 0.03509164110950636 0.01686572022946285
-0.10906732495462566 0.0072091923205393205 0.08969869505313058 0.026915741589298076 0.06267088853712137 -0.09482982610461661 -0.07423073767339092 0.16150350628003035 -0.09817242381325267 -0.009939773072901927 0.16230131967314282 0.37358188751802573 -0.06875547387568398 -0.034375041153584314 -0.06513367171978744 0.023103501969973697 -0.04954077211872814 -0.09961554650773333 -0.009076737951208252 0.17465248059570165 -0.1262131295320988 0.10468496621095102 -0.06351108928291524 0.047793885942581556 0.31255037600562563
