-0.0008442119943848917 0.011841514320939923 -0.025274125427576524 0.003044246725791904 0.019968041906711788 0.04725302936840382 0.05216875031482133 -0.004762769163444741 0.033923110641169874 -0.07231526451929979 -0.1935618171507538 -0.010668252084158218 -0.06929451715331125 -0.038869943914714135 0.004745914563990656 -0.08880434607361297 -0.03251301223134216 -0.06363662763144719 0.07119681627647488 0.1178261194025468 0.03975470242309972 0.030618915071361552 0.04839034475675748 0.03909208409441002 0.06862061276409252
-0.012638604589457645 0.007690954152966125 0.01207206665565072 -0.010056359827410986 0.003314988177293672 -0.02657483104192927 0.021260276481340698 -0.013862190538021756 -0.033739327434770316 0.012178585295197157 -0.030849334950224648 -0.0016030610318270974 0.015614383399610465 -0.006906792944548622 0.09538356553199781 0.042505408784025034 0.0431533523020577 0.013996807666318799 -0.13689502111398477 -0.02955443627953715 0.007617835178397965 0.07178231112531167 0.06177121250176925 0.058519239847410115 0.0005633104647928665
-0.055725474145269224 -0.01146126976390918 0.05306995172244962 -0.005260801369933553 -0.008278817741559849 -0.019920996901034094 -0.011762326107538155 0.016247884313085714 -0.052719782966297916 -0.05785310090918626 0.09339453424549948 0.141211779784909 0.047980850095035124 0.03141916135950066 -0.06640120642722451 -0.06945011592801742 -0.09121402735188622 -0.034904684050776714 0.011672499405386557 0.047063389326173155 0.08746364559220383 -0.18848933148287284 -0.08385851467139374 0.10779454834808923 -0.07628908488343777
-0.10110121990701114 -0.011105640199260044 0.1349431117407698 -0.02359528661083841 -0.047620949839494366 -0.12729624926036204 -0.07243930677549446 0.03923802532430159 -0.11008290309022774 -0.029890170601248305 0.17464826150019933 0.32379136237479 0.13309219844110656 0.03446303172956828 -0.05942073103498991 -0.003202707125728805 -0.1628955982840871 0.015334425683890143 -0.10279917837738076 -0.053996814223496226 0.12068684204064009 -0.23547143501902254 -0.04898446441298013 0.0287529368526347 -0.2029588971901755
0.026649646791552878 -0.009617607302503918 0.00566456247907586 0.009875623058181309 0.045712866553434185 0.08434855955435669 0.22069461958133918 -0.059906157229726906 -0.06095164989782159 -0.00432952028990564 -0.2011765703341689 -0.095803169410366 -0.10539841175434063 -0.032102616687679615 0.030476940037324898 -0.09664711636888815 -0.06912617373241814 -0.134236297905438 0.04290332153817849 0.2640370156353999 -0.08084153043185843 -0.009233431434155195 -0.13298206268791002 0.11240839513977245 0.013701855212375425
-0.06239618922325092 0.004326134938621869 0.04997026519575759 -0.017070450014034188 -0.011083244095755698 -0.03094798356565987 -0.004595130919166444 -0.019567333932587878 -0.0354378188920066 -0.05827322680598909 -0.003167249736277847 0.08900409108829803 0.05375728528509032 -0.02076836157605607 0.1596113063144211 -0.00857035381980951 0.05152837812966248 0.11813224566585409 -0.08845359297230998 -0.004887062644109407 0.049438144440136694 0.008529135491251151 0.1822572094069388 -0.11598859318688688 -0.000789688810119947
-0.0399064289689747 0.018759013283876035 0.028946717277664628 0.01595885218579344 -0.01030085527016852 -0.03649983640580792 -0.059848054856839486 -0.023647428355781857 -0.030001005723343487 -0.03414242862812314 0.11020539644226969 0.050808534962523 0.03681930188452747 -0.05180220671089943 -0.04190130807364164 0.019994949725585492 -0.01131635080973226 0.06426393712370364 0.14410930349549564 -0.045337734282630375 0.021928570021218223 -0.03284713623834744 -0.04330802281823287 -0.18823739833926217 -0.10924230889166328
-0.04063979072836679 -0.002101178225498145 0.0374420982848809 -0.015486380112100856 -0.015416741547857363 -0.005682631883459941 -0.026083187648787663 0.0070698350811522976 -0.029434014330291112 -0.06150137898753126 -0.002869919189981683 0.07028496731439661 0.029219132047504322 -0.018824756976040115 -0.013040188188045632 -0.020080165399414922 -0.041005742173663276 0.020789852602224018 0.014455031684548269 0.010458871840280166 0.0505655172296597 -0.042335285066030647 0.001343203635022952 -0.04258060314692816 -0.06491324317220115
0.044496723827002 0.0011003105707011887 -0.06046934688171621 0.03819446609271975 0.08758452803139762 0.0867318335227163 0.17545796172882766 0.00534209346225699 -0.048115535194617996 -0.07172408362953177 -0.1546800930493297 -0.07045338743153046 -0.0708528298993842 -0.027714685358134043 0.08629642577335601 -0.12481382718199929 -0.08285135965392075 -0.0327569950556806 -0.10819330972199703 0.22571065135087112 -0.04627526912733501 0.05575466909045892 0.036203423591170986 -0.0006051246072877414 -0.006153577686275627
-0.08031980595426984 0.003684866064725578 0.05200191702734158 -0.029920657674667995 -0.05854582856799581 -0.00372680849844541 -0.11237354666563151 -0.02382630023047129 0.16629559826272325 -0.025007740522570016 -0.01513864946827238 -0.009464447139349878 0.05845833487285427 0.054262440722611875 0.014876456818354138 0.06095232075685803 0.2729219295348197 0.07250058000665596 0.11795216084361898 -0.11004270148704268 0.09820445402643839 0.007749215045164251 -0.04279295584697557 0.08154191388274783 0.003253829277447093
-0.08448731745289415 0.012704930216514523 0.06992741593158165 0.00037076713754085954 -0.05014809607957097 -0.008059215673359122 -0.13016663685732224 -0.0336590093506953 0.10568437910626895 -0.07604103656213565 0.04666320859220954 0.004650191548291428 0.09688542686476133 -0.029274306002068037 0.0691235995577703 0.04922729173661208 0.2655131375285429 0.10735175310111988 0.1986774026653447 -0.05532592613166226 0.17011552842622119 -0.030498121981263632 -0.018348006632387545 -0.019740582900272773 -0.02506522852470651
-0.06227593411253394 0.0023332819490395375 0.04995447570566671 -0.02241360111944258 -0.04171255734281577 -0.0203775801506956 -0.08523740285734566 -0.031717590779604225 0.06728507565929057 -0.036916596501663984 0.011617944529797643 -0.011095053212531925 0.04376775177429765 -0.008167620674545972 -0.01975846821248575 0.033389709454724435 0.09156869609745737 0.0395998154863043 0.09593846634057517 -0.0798859083627441 0.06776875877431329 -7.534061658733514e-05 0.009491139461269046 -0.0177735222746945 0.022852576735191046
0.007882745637203923 -0.007578731250235007 0.003347950790692314 -0.013535050229673573 -0.008560309081998832 0.020040613606711517 0.008976964016089372 0.006453363438594075 0.00589408222777308 0.05569387004338173 -0.00780876657206929 -0.0250304354963119 -0.0030173490640120204 0.039907956199107496 -0.030756789867303982 0.00800670461890378 0.021387871454397512 -0.020457128534565643 -0.008096548572958665 -0.04992178948917433 -0.037847318150523855 0.01557839986698052 -0.018460071447918273 0.025423916807600293 9.119348366340083e-05
-0.05769967407261002 -0.027791448785641472 0.03683223835727527 -0.03786251262408991 -0.029674827050786178 0.0039043360339051517 -0.027700804737524405 -0.033815202988680945 0.08123693210583446 -0.03326067337281762 -0.006846647872161825 0.06079842588987111 0.04769797397899724 0.01133356914260642 -0.06805638234108033 0.02477976021600079 -0.031808236677567825 -0.03978810584784107 0.06292398654596296 -0.1210697771630175 -0.05631822177796393 0.1034922213871084 0.03818109338312545 -0.06783290594896953 -0.07686633307470125
-0.07279830279103969 -0.05398542773338052 0.05520864113441175 -0.06309440702758304 -0.053894896708854334 -0.019017250298185594 -0.07783216656070023 -0.09975887425687409 0.1663308367104057 -0.062100435665887015 -0.024281741334284745 -0.014901920411710193 0.02085222057513605 0.054871267578886905 -0.08962958619785767 0.08451674829204203 -0.011782327030588043 -0.05082682362017861 0.0635784139157038 -0.2051423048808454 -0.09978817534497333 0.11424320628615645 0.01599163537070799 -0.03903071339756844 0.18854987919520996
-0.056621224180631015 -0.02308264694100495 0.021441988536816732 -0.06006528506776926 -0.055325960869181824 -0.00026578173581314005 -0.0915283519151328 -0.1081725833960273 0.19144805530673942 -0.013214757481670121 -0.03190930101276186 -0.09898503350259318 0.009803282095967992 -0.008273477473642063 -0.12170047135900407 0.05559727671426249 0.012758588487806569 -0.03174218028433301 0.09653103423223963 -0.2090623021216248 -0.02558637800368288 0.0903506904523182 0.0600045772492286 0.0072741365363778 0.27178787322363984
-0.025887716824621296 -0.012769670342688754 0.027534947682414077 -0.010261770519204232 0.018342076783691964 0.04951728128058815 0.06061990498354304 -0.03142736455442017 -0.030852779182326675 -0.04385165162732681 -0.051613587951218 0.0095296526735953 -0.023941587019458196 -0.033795782607375174 0.08663785480945685 -0.041408657583241394 -0.013159348324260717 0.06023179570722928 -0.18529538593415457 -0.03807050169730877 -0.007636640535494538 0.06016751755537147 0.13504725047150024 -0.06696451675752868 0.07762429889795995
-0.02370140283852021 0.003389310226737678 0.01645135647303729 -0.00441239305660587 0.008546431327024514 0.03793949559774863 0.012875749144744309 -0.03591561729933668 0.002604236830772798 -0.05915499909058415 -0.09460310712057357 0.051299800391695814 -0.024271852737271865 -0.0605038216603025 0.07816293903694461 -0.049020752544426595 0.005457446701553481 0.04629630356601793 -0.09267521432835088 -0.015490097570041373 0.026223829908877522 0.041130198351333476 0.1563096564754043 -0.06603715416296288 0.06962908782241811
-0.003366089200107158 -0.009104159906677461 0.024538716963725685 -0.000474209117755163 0.006042816333707137 0.0025852949627891185 0.008592819616501397 0.02076317214298057 -0.04111733789281014 -0.023901172413892755 0.0522916057332657 0.00937346240985463 0.024223902612825227 -0.004346807773034269 0.0037598791920945107 8.177323256954597e-05 -0.03941991519754549 -0.02503524141031055 -0.015079713302294278 0.026858453023242863 0.04566171399910069 -0.023109192955112694 0.07277943039930586 0.024546256507626367 0.008560047299248804
-0.02524291717716933 0.0008588915171388982 0.028103227068506684 0.0007886192448863166 -0.0009745273762001142 0.006781787412403593 -0.0016436480708137211 0.001431210052005094 -0.07073303661884814 -0.03990969184475543 0.06420636531847333 0.07937492904160788 0.028221953925710506 -0.026834249176341494 0.014738119887013339 -0.03647430541205728 -0.03476235829731833 -0.00315522565878732 -0.022510252803630084 0.040358668418001745 0.09817176965556515 -0.1368338898963049 0.0008074970930252827 0.060061825125278835 -0.02032657761210995
0.09673328133027655 -0.0346138211017125 -0.1404246553851419 -0.01366996059758421 -0.0603978828330622 -0.09271124054239475 -0.1268675160557867 0.197633996475778 -0.007873726089774125 0.11770556071038218 0.08173276778056718 -0.13306019038869446 -0.07775905609892854 0.13715366716905666 -0.03128239617715965 0.08422884241261229 -0.08892114484744518 0.16869011742135043 -0.006954640398653739 -0.04484287367957878 -0.008983511435326864 0.051622108773488384 -0.1032423999064796 0.06098941723271629 0.011477317028562126
-0.009494999496755478 -0.013275936182527799 0.018088120149259427 -0.006427187892101922 -0.006034655923992953 0.023381071801651807 0.02675319849636055 -0.009065539403590062 -0.006892299515389149 0.017006129609684312 0.008111271286841403 -0.006447449344047531 -0.014570639909540772 0.017274122654671237 -0.011024557065441464 -0.007765466957336024 0.026963625833618218 0.01747807113705487 -0.04668907678474984 -0.020903880748448185 -0.004519589573271293 0.006302815925051236 -0.045944269115003544 0.02150145891538302 0.0268946963046467
0.019354208539386606 0.00454231632034942 -0.07386364387707645 0.0167195562361867 0.010750810948761885 0.018753769210822297 -0.005363757724791571 -0.06362870768931626 -0.02107257448296566 0.04632965583094303 0.016200068283179374 0.044734418840582844 -0.08061882024269187 -0.05303545176609266 -5.1470952894546804e-05 0.009254504610177105 0.027754671083236773 -0.021433338629402075 -0.014790368204847658 -0.04115294661338256 -0.03915523471605203 -0.05641874679576711 -0.023022163168573404 -0.022330960115657175 0.0010750028189495595
-0.003317199403795762 -0.00904663988331533 -0.014252797005278902 -0.006034856908307941 -0.005068460949832887 0.011581022626619511 0.01058437656657455 -0.02256049213964599 0.0035889707221748554 0.04101359983711995 -0.01222551153815595 -0.013564449953838223 -0.0408671011594722 0.013162123851871738 -0.0235674151400765 -0.005654897998615859 0.00743354688537456 0.014804099834013958 -0.008836088599057074 -0.016681715580830002 -0.0244690371188957 0.012672636004145126 -0.0626763916755222 0.004409883634932438 0.014874237307522938
0.16202520021223119 -0.02481240203075127 -0.41596419566305015 0.04273896776863566 -0.02574020130455714 -0.11960743050171387 -0.2579306373019325 0.314710915790751 0.06563283812308202 -0.05390317329815161 0.03505172978848709 -0.08828554771806195 -0.20697501820992348 0.11145752672305693 -0.0398579886855764 0.012381503979270412 -0.23463647952349906 0.2655190153659174 0.09228454657488346 0.08025070182153893 0.09702659077786743 0.07844281332441345 -0.001072235674811295 -0.019490837617018714 0.03650357912674998
0.10423159443842418 0.0038001130483706954 -0.24721383355789475 0.036229275608571025 -0.0027163612642252277 -0.05032914196202018 -0.12804882160138362 0.201666926654858 0.02023244229120751 -0.04109938147063252 0.02474386431716127 -0.027077743497773036 -0.11244609156410483 0.009450901965350858 0.008416925824261248 0.011780022972470229 -0.07750794683782937 0.07934392793062257 -0.04964782481694712 0.0165710729919246 0.060688359996687466 -0.03219922812062693 0.07062148993649642 0.0005351185640673174 0.019761401209186943
0.02697321825153978 0.001367688634183832 -0.06501108212449153 0.008571640493925933 -0.004461652567283722 -0.008018785998039481 -0.03500680453677712 0.04005624764555868 0.010632088883390685 -0.014683092462023616 0.01641501053002219 -0.009502883634044043 -0.02496717102502125 -0.019142686950981064 0.004304994663037443 0.006460320142091505 -0.004677406939934755 0.01669579021941178 -0.007687195053064116 -0.019793895048967232 0.01975414146909557 0.011647217220783702 0.024629423819788943 -0.02080150026635858 0.012195724679691773
0.004379968025903231 0.0049811114312074386 -0.014350894954473396 0.004570893923479203 0.0012105504623560305 0.00830629922643475 -0.011000583992468267 -0.013554610989659568 0.004003971683766236 -0.007773018861232474 0.003431929286714008 0.0022052025025970545 0.0002392811496162575 -0.03259207972093851 0.009566583812750742 0.004070904113632634 0.015406117134555749 -0.01389759377349223 0.01691503244447072 -0.006457360052120117 0.0034574335715631534 0.001236774558236481 0.027403342988220412 -0.01162036005714686 -0.01529647341915565
0.06969508049371323 0.04927123598544316 -0.17449608717825252 0.08551846292793484 0.08260113253915374 0.05472399390579037 -0.021753117968527455 -0.013592344301210642 -0.01632591697599476 -0.10300846781731503 0.04970688028486232 0.043078641455303754 -0.1030004505666973 -0.22467130495654122 0.10377359887380631 0.08576737443428843 0.10816515294862453 -0.2506383096932449 -0.023614660643500932 -0.005295907406705743 -0.015211538994096663 -0.1592388988474413 0.2341185409379331 0.0015637360281476956 -0.1070124865419119
0.0917139282033924 0.03487927764055571 -0.27057834519639395 0.09134792542891589 0.05799216742752048 0.033287072160635874 -0.08607762137493345 -0.009064223459106544 0.007004603989100182 -0.08392023794222654 0.11161217221604494 0.10468404245805281 -0.15787446041252567 -0.23880529741967751 0.05986995578359553 0.11287911994132123 0.10292620880400367 -0.2050247606545423 0.025672761607455557 -0.06360756012530475 -0.02753911610508284 -0.15866012058247228 0.1855261369577565 -0.007019473370976949 -0.10341906195406941
0.0025807371829737404 -0.009019687706895317 -0.023478419356312147 -0.003969073392588255 -0.006573133648991901 -0.010632673684867432 -0.026618938927897247 0.01672430457429956 0.007062501562073954 0.008562155935060881 -0.007276330184725441 0.003645212825768966 -0.02311154228269887 0.03149711394197219 -0.011975641458727523 -0.005167552249770342 -0.03055215028480603 0.023704412632384455 0.01620930095776463 0.003521641662122122 -0.001177455809123507 -0.011331804301814097 -0.007654048751640392 0.016169020576965943 -0.007665067360464468
0.01298734908781432 0.007261602374042544 -0.029294612925169307 0.01137055796426537 0.005002652236521466 0.0003547508109677229 -0.0062014384228779255 0.009089469172027064 -0.0028745948204063477 -0.01686344334652259 0.012967549645094511 0.004619953904436229 -0.008755546213537028 -0.03088877448257866 0.01015250932802556 0.014188023913618434 0.014871933731874948 -0.02685573699418865 0.007234615621727456 0.00809765836208956 0.0030071624235875126 -0.008769313758122474 0.026089215497877564 -0.010109909999006782 -0.0038379001084339615
0.0032471153478080533 -0.062278960922894026 0.014881939932474867 -0.0022053227944940244 -0.013486760618913799 -0.011351521992846504 0.0948937982412409 0.021211489987207916 -0.08114016692605797 0.13105017560300644 0.2564873093601426 -0.14402908345529758 0.04894033216907939 0.10522267953063212 0.00305204051865256 0.11789055723478238 0.06166724276268754 0.06130633116715134 -0.2542158255978586 -0.07317099142101154 -0.17820686637005476 -0.010411455558524633 -0.1823254969308434 -0.01823158535292678 -0.11680204678376943
0.014648127359774608 -0.007896958622510131 -0.003556596151116795 0.003921243035951365 -0.0022176623257956123 0.0064317675574694375 0.016896745601513025 0.015099249022776899 -0.00040075086147390833 0.028945022602207358 0.032596366775899985 -0.05482844425319689 0.0021340366942670555 0.004088850469195128 0.03447607768040192 0.017713982167391222 0.028927320558119616 0.020027974998561286 -0.06943243098207445 -0.012979754037145111 -0.02182957297846951 0.038509960409520504 0.04195093096677426 -0.002662641728271271 0.013985476039630138
-0.0025398359600573876 0.00523261535927989 0.011323914695498205 -0.011572495427803685 -0.0071876866238869555 -0.024294820373538476 -0.02143361866801315 0.058169944195536165 0.03577772301300426 -0.03219923694206858 -0.03426724889136767 -0.03070241442422075 0.04208602339465523 0.043345004251140226 0.008083391975042632 -0.030973447280030746 -0.05557307779865966 0.0013008459749308113 0.07123501127759749 0.047864213554129356 0.04274117577439343 0.030778844072764034 0.052873211325873304 0.04059501898326994 0.01427152814741654
-0.002051092076490478 -0.011465154942542844 0.02291892875083076 -0.011637090224568153 -0.0035895404797439863 -0.008295810179892255 0.018926378005902238 0.03512196015306853 0.019883634948034305 -0.01828493901108104 -0.021485795273995478 -0.04047134787275343 0.03303007437947486 0.03760463815030312 0.004185589806952295 -0.01578808685872165 -0.04659230906895145 0.0015120212765693992 -0.011765786873639541 0.010213661747514735 -0.015227434515388653 0.0175621301345435 0.042796255644021154 0.022097028844474575 0.011974439777090498
0.02123104251378498 -0.03796070943562093 -0.00930462128962227 0.0017905793561467458 -0.006375296961142439 0.04018042575867095 0.07972323590226452 0.0013076449117382979 -0.0532622373013697 0.08817626392330351 0.07921634722006012 -0.0639953598317665 -0.026658502826006066 0.04421635397184985 0.056795031568178216 0.04716117900305768 0.06954720324753524 0.1278714819050309 -0.3695992366174871 -0.11592213615518587 -0.17395317596319448 -0.018945821748171165 -0.11017968771876077 -0.13520815422011456 0.008591082118233336
0.012229850417838327 -0.019894853479975938 -0.032370311413632044 0.0031728672520926556 -0.005010896338166958 -0.011613769825815305 -0.030656103035103143 -0.02118559580192473 -0.02256560493009379 -0.02475952400983396 -0.00647492091176759 0.10490433612058428 -0.05937094291420019 -0.03235175059015052 0.037995351126141136 0.024622797773250465 -0.04992446852154061 0.070467975975742 -0.06549847770075742 -0.0631533565654824 -0.04446236843589839 -0.014984496020085015 -0.031180393022920274 -0.13394907689450297 0.03516252353671501
0.011767723425359226 -0.014902847122488357 -0.06853965886981107 0.01237081842404241 -5.466673629812215e-05 0.03137753613239582 -0.002625487783847523 -0.0948074833279954 -0.020244729729084192 0.08050562864744759 0.03536858582263076 0.026253731269239813 -0.08676782296044397 -0.013926522959480164 -0.014590042419514535 0.028987625529271147 0.051813382346888655 -0.013057395426748098 -0.006283601136663071 -0.023695563992751755 -0.08314447265234445 -0.03553340873233246 -0.05103841947392786 -0.0017251056349196232 -0.0074178190398615455
0.019704165994953345 0.014656827894606553 -0.05975536377160312 0.0161893258329338 0.002547564132035074 0.02539798326573522 0.0021055413924157907 -0.06876921414331431 -0.0067968557871153626 0.04693196099425953 0.008766144319912919 0.05710616884355904 -0.06897128802352877 -0.06737433522460438 -0.01759685036532369 0.001026225757701191 0.045076690855854765 -0.008816529915930637 0.022756592427869433 -0.07401308115514221 -0.032766885002565 -0.0595633074624315 -0.06333966967896461 -0.02088597996247149 0.040971452706421545
0.03288487507807424 -0.026351238433427883 -0.008430837509891959 0.02151666677424881 0.0030752343855491326 -0.03285044612780647 0.12990486728896455 0.11424197289050314 -0.09982069776694763 0.14381388838074763 0.2939438077105643 -0.24338763480876469 0.10254432735781736 0.0740212037779364 -0.03397214512731798 0.08900800230468552 0.07618263508522694 -0.050189359291894484 -0.056239002691802174 0.05830807896003855 -0.0784023370563687 0.05094140937882809 -0.01237476524078684 0.0499085433332844 -0.07145899513321219
0.0024236973068939432 -0.00500769172607657 -0.029626463792855905 -0.002554309518877299 -0.0058210494765084725 0.03968782527763129 0.02698722976537887 -0.06344146752419268 -0.053032382362116375 0.09430459064962939 0.09578600948251169 -0.013906547500856795 -0.026256858469696234 -0.039097300776711634 -0.011045561431757518 -0.023620445736092503 0.05876949983717806 0.03753945704332523 -0.045854516202543265 -0.07171480117736458 -0.04384612607611874 -0.016857586552824884 -0.030437769691644224 -0.04475335619270455 0.01801893244057539
0.03874431135051267 -0.0024798953727765654 -0.14602165965221955 0.02625902892448908 0.005318324189773021 0.0775604335133636 0.020709667540485286 -0.18908755838952201 -0.028663448622195855 0.12652545487512107 0.017228816542638067 0.08564530811561222 -0.1908679705529791 -0.11537558786726243 -0.03998676062157056 0.001719939373091748 0.08964319112575048 -0.009086651268233636 -0.03252430873828152 -0.10544190317061332 -0.08992392229374346 -0.023011097755605354 -0.14825081908056761 -0.04062460675756943 0.06369884478634442
0.04865212256333223 -0.016821249067510428 -0.20674370855759877 0.041406009427795994 -0.011193281802088199 0.06326078370348666 -0.044962905276243526 -0.23270298041439 -0.03838534092351965 0.1590856342873245 0.07996931140701073 0.14164048685152766 -0.22902914756577927 -0.11086352025745154 -0.038718546617688115 0.0803849045092529 0.11149547927012995 -0.01769436471392696 0.044091910721300226 -0.09470497504172697 -0.15878438247240853 -0.053425433421010055 -0.15377024642227355 -0.06122833549616819 0.046041804216997974
0.011284567667795014 -0.006642545322454785 -0.011232808320414957 0.027432604596563423 0.0022174115211179325 -0.019743700997237334 0.08983227923817133 0.05075503766510788 -0.06783329350815175 0.07707992684897541 0.21772686098542812 -0.13422389742122043 0.0826384936787631 -0.04253884475327286 -0.012901053906202685 0.02727231813790396 0.05620367826155251 -0.10528427815663531 0.09695917196522229 0.06269744345639133 0.002580064426399978 0.056765721159877554 0.1511731195228425 0.018904320743148698 0.011042911388541701
0.012143595132843478 -0.014704110751625534 -0.014117815196408545 0.03827917027815349 0.009363921747760101 -0.020970925144666152 0.13288618052429546 0.06732400141506417 -0.08690630184988347 0.10398744933794249 0.31036504458796066 -0.2084590820047957 0.11336996867878717 -0.05071634630086484 -0.01757204497412916 0.037704992242246264 0.059894047666675825 -0.14361990945722675 0.14451619779838756 0.10271106148220603 0.007536850422307789 0.08022871679169088 0.19514280202682133 0.04618026139722149 -0.003602164440532879
-0.005896994023044911 0.005386439962641213 0.0066889366547633385 -0.0007434599901322574 -0.004273446025809559 -0.0025563244301862005 0.004426415720524139 0.007700174063047211 -0.027129780835206504 0.021168475641427893 0.08891938146671073 -0.06023340156194762 0.05374735338349116 -0.029809825188010043 -0.008826445486041204 -0.015834094197956002 0.018399911215482928 -0.0190096080675374 0.07343663443195003 0.008551580975895501 0.0125220105431884 0.028757607977991283 0.05138280447576988 0.0042103480830881935 -0.014775076752320471
-0.005553396588154368 0.0011210404343378747 -0.000978313762275115 0.0014241149844996326 -0.0009175686381077498 -0.0011419307492678747 0.003540826094861629 0.004861610774827793 -0.01595240314859486 0.00791008181331782 0.05259386095722273 -0.03153771140857073 0.019560099752024704 -0.022286115598254715 -0.0031111329518993753 -0.007591222297814932 0.010045292978522562 -0.023028533408133274 0.04626988380671779 0.005397047447714726 0.013616449392418104 0.018437848635512403 0.048479220257324845 0.004077378861088898 0.0009552091179359122
0.03505760849050031 0.01957697209362244 -0.04005966503409262 0.011823055920825486 0.009874019235659899 0.002200095847236662 -0.014765025856486308 0.03467540197538908 0.03988322276630694 0.014483056512784143 -0.07819263452345367 -0.037791663661684904 -0.01617906121297682 0.014231118233349587 -0.025354921751664684 -0.011098529661246505 0.010667182213257664 -0.04660404337808294 0.09589205895347563 0.06470442150455992 -0.011264136402384935 -0.0022690885226692398 -0.027207596834286196 0.007520772687265288 -0.01870540432571789
0.0007458661777787508 -0.000693836153690496 0.00906608875752061 0.0038091837204131994 0.008831067418928593 0.0004714931204983355 0.008253988753433944 -0.0006237935394094718 0.010740523100641351 -0.007912863537628758 -0.028925819226366934 0.03048337696763893 -0.009586794301536833 0.015431949817644487 0.016518805556899236 -0.021463509187867876 -0.03305383503884504 -0.02691554498996253 0.04456087238995547 0.04039869600161098 0.050570119512062174 -0.03416966712128911 -0.0437843732868831 0.08330208605615955 -0.0044492187143991765
0.004441510778314253 0.007790954098695328 0.010682198002617639 -0.0050355844565181055 -0.006894294111397803 -0.002855694369006303 0.0014499805049458725 1.9123237513819684e-05 0.033604071873790754 0.013993826096073213 -0.054220297983896555 -0.015987545867957732 0.00850281770353938 0.005722492996499178 -0.0038074835868423997 0.006745998726490214 0.02039998609974689 -0.003519057227498728 -0.023865575027517617 -0.022750914172761087 -0.03622354604603377 0.015542192790986727 -0.01371618553392463 -0.022557590575665094 0.02073047748604462
0.0030430634737673885 0.0014505328081038716 -0.010695493041131156 0.005964580547961763 0.010931468726962445 0.005586592763133255 -0.000413609550028134 -0.020787021957214585 0.023590499752320793 0.0070910519110861745 -0.03740444135811546 0.01315427806486777 -0.03775880096270555 -0.013082587715658595 0.010878304982937992 -0.001540328148578431 0.0013533969075110092 -0.023942204373204316 -0.0007797197303201404 -0.010567467270071346 0.006184679671643878 0.04112537562958517 -0.01715615909957957 0.024349587312209632 -0.030471171975676725
-0.028398718097161983 -0.02481863104686407 0.047958317119666194 -0.030804549243043617 -0.009890376205897389 -0.02405118576249596 0.03521363571367657 -0.012126295655604614 -0.057386391464740776 0.0009341126575627176 0.02040117202118692 0.00483779069661091 0.017346982027901404 0.04698846513006297 0.07122747685259126 0.012822869684215931 -0.059659331529901646 0.07377005347625369 -0.04653235180193806 0.03699445268044308 -0.017733750915526317 -0.06144781096425143 -0.07932922446062628 0.02242239763043361 -0.01702829724489518
0.016299278944420275 -0.003370203641266194 0.0042208226649887454 0.00024008274945760226 -0.01736366572069648 0.0259695752206903 0.0230298671451437 0.0036828424984895244 -0.07090440444713814 0.03971508124659704 -0.012523148530455866 0.05254488256435717 -0.026995987438625343 -0.0038430820480670216 0.04990247937034109 -0.027105174334599955 0.05487044428779442 0.06571604521792643 0.031751442078365694 0.07973155233021931 -0.10327578264865339 -0.08968502111807194 0.11636153088798575 -0.035384988576480335 0.010917214378620473
-0.026056277972273764 -0.024439528353447967 0.009800279240146096 -0.022266895609793076 -0.037553477018482405 0.004995189006353317 0.038366721148830794 0.03703992978246779 -0.03737668777820941 -0.004381632430810092 -0.04234499563870848 -0.037040862205593744 -0.012922064145295961 0.008596125344629741 0.016885341163765097 -0.011246721018565326 0.0031425756049888805 0.01578402711157248 0.003551290192702151 0.06434492641451213 -0.04146214546159276 -0.034584046848423575 0.05493099872763891 0.012577517433422041 0.04647366613945243
-0.012510949171680266 -0.013910546253963804 -0.0038420787039578756 0.04057124167848038 0.11585974048756512 0.017440970172909732 0.0026531471262344016 -0.056056106734677806 0.0814521959160206 -0.12649897836565122 0.12083361596586065 0.06135565799366566 0.05020650935977171 0.0712759456918777 -0.014175604709419339 0.036151436267681344 -0.036320090282455704 -0.024938388112026234 -0.0680305792999613 -0.07045235495063217 0.055204097896225504 0.08379887850221156 -0.06662990841761467 0.10437874013385343 -0.11560771561811228
0.17452896018428418 0.12124095546163136 -0.00039608642871153017 0.15171895613542927 0.31484940477301293 0.04797186552468538 -0.0843720684761409 -0.04959713307571245 0.13566542996803818 -0.1046749204398127 0.0933799430792097 0.07146384667942446 0.04924042101175499 -0.03355443006818086 -0.040315838484638905 0.08693839206580216 -0.06160540551558483 -0.18180888440597062 -0.17998326199002987 -0.1136595676316261 0.24892009952701843 0.22398120410002553 -0.12041095606260034 0.17638356325166932 -0.29276523628680057
0.2702716491511055 0.18880582430468898 0.10435016163386658 0.16294885358632685 0.38617042071100466 0.0647759589803513 -0.0965035500003372 -0.11666995393259055 0.0781982726966712 -0.08437457685303729 0.08985183122978876 -0.014229673066034518 0.12083698999269042 0.04946790058297113 -0.02871520490954141 0.016618076051089666 -0.040897219865506644 0.06504366453392052 -0.0327236406293432 0.030571856867636867 0.030024929920532295 0.08225836350050442 -0.054578540853977384 -0.07935156060917659 0.08628654915204009
0.2721522844273968 0.1910165570464738 0.15257896198997398 0.12146106757300466 0.314036859474288 0.03898606611364915 -0.09187720158961821 -0.0889380351473592 -0.0028128756770580228 0.01680122042477817 0.019552245721708775 -0.0469661106184847 0.127770251322023 0.06898658032885072 -0.011146894957569979 -0.012170614775555129 -0.01668337152316418 0.14304003993178194 0.04418006815938357 0.07860889258551662 -0.08142151036638257 -0.031856232820688946 -0.005898096744816145 -0.1753499607522285 0.227117430444356
0.23191531813245206 0.17218829194525326 0.14128557171190131 0.04677953224758248 0.1106340572230459 -0.0072672751583639965 -0.1258296287095315 0.014761854101615603 -0.08261135143138354 0.21351097839881805 -0.13379536226867156 0.0067293330399848415 0.054373511232265505 -0.005969473424224504 0.016840910201654798 -0.009712145959670992 0.022776631533630774 0.03721519621365169 0.04237509900459888 0.022397435090193017 -0.05111772402678365 -0.1001116580397331 0.04932159357766952 -0.09975247797362166 0.09212057030592785
0.09273732546541892 0.07628244076827741 0.039058337402846276 -0.008935550813600283 -0.05854198835954188 -0.05560973335291999 -0.06958839661324681 0.12844663747574298 -0.06932063820813379 0.19067317964715716 -0.1288586818196888 0.016218973452734056 0.013217372710278697 -0.03522896093610899 0.008041897672208122 0.04212389448108297 0.04054166696339093 -0.08573634114896031 -0.003694141547260751 -0.05058197118802766 0.041736910605738586 -0.02120005967138049 0.036596091781198846 0.06322241410205204 -0.058831903584293944
0.15394230458002936 0.1302921157428035 0.15642916610732216 -0.01072736982047628 -0.025671190650420506 -0.05749149288971493 -0.09157674185276132 0.10315464817243493 -0.1432490469888502 0.29759520882772705 -0.17254466468358656 0.04841723796737487 0.07516811281352552 5.346593023062066e-05 0.014504717250967756 0.021853792384771812 0.03341585139389688 -0.06357969093864886 0.04613254750868196 -0.05521806138881939 -0.03392882103434023 -0.0687116909361638 0.034046312038016405 0.0015383938707188571 -0.05436965003276842
0.154085266615873 0.11642034678248446 0.08929879093320897 -0.021085701294092787 -0.07230036413328252 -0.08364960483727674 -0.1405799014181479 0.15831065837232006 -0.117868180711823 0.32316187138695646 -0.2225423887908528 0.07368945888328153 0.026064580513758824 0.0048203297904487385 0.022733778362027644 0.06273064351955801 0.05365556693726378 -0.13518342910417042 0.018639550819360428 -0.13133961563688193 0.015563664929436227 -0.038428520325488054 0.039153199108039716 0.10530729679523793 -0.10318634044559313
0.05628861125210628 0.04034975081587139 0.022967300029252173 -0.024146165120479703 -0.06382167165930162 -0.04700708211914935 -0.08688763393269885 0.0815924708219757 -0.05106412396419096 0.15015338896588185 -0.10375477669969359 0.047718022854927156 -0.00020736526617100664 -0.003862425513689433 -0.0031755652805481676 0.03369152283759232 0.01794337556717365 -0.04637368343905379 0.03992475085028433 -0.08505418535396445 -0.015911596824359886 -0.01537820609294407 0.06609856263254546 0.015572269886613498 -0.060570432939258845
