-0.016991870058766508 0.026101897435459917 -0.0062649412174444535 0.004641194594667396 0.004908609991357992 -0.03694254454261043 -0.021393997181173435 -0.027927351827625912 -0.10418843092568754 -0.054008068479189174 -0.02955177089796132 -0.03798185097058679 -0.004376450811298945 -0.03718714908888317 -0.10139490360431225 0.013691028578609129 0.043291481490528534 0.038552968023260525 -0.008555501830470097 0.011473840943005941 0.006973067226568111 0.018874477619708112 0.009615219862392516 0.0036279415675751804 -0.012271823211395486
-0.02106256691789887 0.03247740579115963 -0.006868783193630754 0.01837750120581932 0.004701521488360612 -0.06855293862937939 -0.01630689129805802 -0.03340017598916196 -0.09074761627051414 -0.050208180856237086 -0.030825836412258088 -0.03870831622440318 -0.006651820242276267 -0.038387443999949616 -0.07508755312187088 0.009879894854046214 0.03677044303213545 0.03444663785673401 -0.004558781768892404 0.008164210705213424 0.00045256258253177466 0.020796608889898437 0.005774064402748795 -0.0008613920595810093 -0.015721049969792428
-0.023262930674932587 0.040918112085065565 -0.0077416613519568 0.031955784056136284 0.0015626252365069059 -0.09816809067963173 -0.012285220350355898 -0.03756406960267933 -0.07556498026419232 -0.04571353657258714 -0.03245700783804121 -0.038918032593912986 -0.008696726162819182 -0.040034479789577734 -0.04859526101789961 0.004667949734766879 0.03116715028453122 0.02739460207936672 -0.0017672437231358012 0.005030447718084873 -0.003952503286852876 0.0241657209815634 0.002796719220462254 -8.865441795496976e-05 -0.017866402393744915
-0.028206997683981584 0.04520488398124117 -0.008475092329532113 0.04507616340381382 0.00357707765901953 -0.12946549694744033 -0.005473334899015977 -0.042687224574362824 -0.06171621668526711 -0.04128675676261342 -0.03354575945603232 -0.03915924030713371 -0.011092825584608775 -0.03891190518984342 -0.02271109485236821 0.0016508555851896189 0.02397777295849317 0.022424286014395275 0.0006440794199326579 0.0002513906883837853 -0.010775102983600782 0.02360171227319245 -0.0036773575498791344 0.000986211477467351 -0.020842517081343218
-0.03711676490953118 0.04593564212468876 -0.009189056556027723 0.05974709576553653 0.011603678732702422 -0.16674227666786923 0.005942185685422999 -0.04905969510093966 -0.0459363675187195 -0.03535937115442053 -0.03404335493540933 -0.03911740102737935 -0.014326155738610647 -0.03507943337961161 0.0025701780524066283 -0.00046488033309986695 0.015009383935810229 0.019511174866651274 0.0020645546262673 -0.006198636644944922 -0.021076018354812223 0.01830084862761676 -0.014030701847125574 0.0031947127549553297 -0.025176966686480992
-0.040228290321996624 0.051397839147833434 -0.010115567281332739 0.07316296508491839 0.011302682842710413 -0.19386317013639062 0.015567031055953801 -0.04952786357946128 -0.019276327592033612 -0.023851129870776453 -0.03347515715848232 -0.03534281306218421 -0.01668537518443351 -0.03233675941504071 0.025161753146770296 -0.008657624646410959 0.00858463347224957 0.009243448324736087 -6.275800234850711e-06 -0.010261715592898702 -0.025703129460578643 0.016011370210813336 -0.01943886796227561 0.016070551544838052 -0.025732941560324456
-0.041064132190821834 0.04151353264706149 -0.0087118083206103 0.07244859955740977 0.017529365343959546 -0.18397982883880573 0.029414936072578363 -0.039326483539792643 0.016749287484019812 -0.002824461192681434 -0.024157498786134483 -0.02269718621944109 -0.016804352532893797 -0.02120810217969197 0.026065312278858017 -0.016793135009404134 0.0018877144687039346 0.0035700621422600277 -0.005940747958872529 -0.010717051438472059 -0.02917439284814409 0.002702639257222833 -0.02187094931905846 0.02536624745870128 -0.02308584774355798
-0.027751353323112595 0.03474899997423591 -0.0065865204849363986 0.05670517550464853 0.008187216227858757 -0.1313083808698868 0.028888878420127155 -0.019658096746978188 0.04359356445889042 0.01485011071759799 -0.013725273450462048 -0.007970592759841418 -0.012818264136033448 -0.01463964210927036 0.009668974703836914 -0.025834826271312315 0.0036160827683248717 -0.005728536042495673 -0.012855654035119471 -0.004120723929524782 -0.018682761743309895 -0.0011474080793773267 -0.010974434695217443 0.03574247488068975 -0.01356582552192765
-0.02037853830823674 0.02170599256585016 -0.004086338851830703 0.03937204404380845 0.008357201519296678 -0.08239068001153455 0.02963034057863491 -0.004944945801861978 0.056076528865046334 0.02611575785771887 -0.00408410368781781 0.002920980237926012 -0.009411285962400633 -0.007457890683117409 -0.014423458440689992 -0.02827778998349255 0.005296011764842227 -0.004730590261766651 -0.01757169290653043 0.0017123922249760984 -0.012973322015296098 -0.009015502132439082 -0.0034439124245637855 0.03478756314447867 -0.007702350518569344
-0.012206307948428504 0.01768021933053814 -0.002795004106499495 0.02661318841329777 0.00271256713812906 -0.04523866230262874 0.025367819474175053 0.005552908832041379 0.059959233625736026 0.030926168617942784 0.000659415829416563 0.008860181870326079 -0.006554515472005818 -0.00643428940778509 -0.03481167462457904 -0.030914298266952817 0.010112315916617818 -0.005414792267113024 -0.02108203565812037 0.007598310352310801 -0.005154712266806947 -0.009351892912763862 0.005530383223784852 0.0360699329765934 -0.0025734539877237395
-0.010974305402735326 0.00943448655942085 -0.0015510577915365197 0.01693940817698713 0.006355142983408667 -0.021307520100528343 0.025787498087246195 0.011059915335082543 0.05883826220358196 0.03337654893958959 0.0046498210912438356 0.012295466713451813 -0.005113830277607954 -0.003664514301236868 -0.055163673308450865 -0.02987917652776578 0.0127823525691172 5.130280005787116e-05 -0.023586367434842673 0.011082704205062485 -0.003439364755821994 -0.014581786842775894 0.00893914681326112 0.032372027397225334 -0.0010583449718053542
-0.008880163500942149 0.006102074656581564 -0.0010521971676556957 0.009292045721082384 0.0064642360646158395 -0.0028570853190887082 0.02310494243087695 0.014461354016029153 0.05234609655451516 0.03196050848873694 0.005775904662648103 0.012981793233625805 -0.0038661228803428998 -0.003933119245816876 -0.07314776042411807 -0.028651458449050607 0.0172237987908174 0.0038061833462498407 -0.02576343212294417 0.014227723930543815 -3.1517811660639744e-07 -0.015595107148718122 0.01273131453925675 0.03192209228740521 0.0004809656162236414
-0.0021372148431718085 0.012208609388711203 -0.0016661925991355996 0.0028208111401441965 -0.0032001246490347217 0.014439552042652674 0.013150261734595763 0.017051414567312545 0.03899225786999154 0.025340500917608103 0.0027930532515935687 0.010475314246331026 -0.002184190049492269 -0.009911168158477071 -0.08916297160110592 -0.028696460793028736 0.025891341741574227 0.0025124475894422738 -0.028052058113717276 0.018261615602349318 0.009205135220313776 -0.0077804896795341085 0.020057440869249477 0.03864297135161521 0.0037835961519538212
-0.0006679074152936675 0.013288567219331606 -0.0022170614886517937 -0.004083253318713191 -0.0046224925682944 0.026968397879944903 0.005806784567637027 0.01612324503126962 0.016900124807624598 0.015075939346035565 -0.0008345650842179002 0.005510772895954626 -0.001237831787750876 -0.014359308890805157 -0.11131716744313855 -0.02428441657480096 0.034337218901959114 0.007912269014182129 -0.030171666552376884 0.020924057034016154 0.014531181216627458 -0.004434170418411512 0.02334640102774006 0.0415738569189335 0.004553923036233511
-0.002059673774701949 0.013583633901878403 -0.0031015844623407908 -0.011447294869295568 -0.0025427684847517612 0.03570200954177679 -0.002796868418946199 0.011449174639594965 -0.017780966218778543 -0.0014959506090915823 -0.006846178818557764 -0.003409638371837263 -0.0006900355114028238 -0.020301845986357894 -0.13983036771051444 -0.015908796083627618 0.04482523190643718 0.018373476164610998 -0.031831575383791055 0.02315498273986292 0.018798751865484062 -0.0011776288894435917 0.025016073132459418 0.042190404079062924 0.0035482778021247215
-0.005981389823070647 0.014487913697999337 -0.00433403989655357 -0.017077056643762738 0.0016859991462796857 0.03520642053415833 -0.013348763739520238 0.001482773873225811 -0.06441448137922573 -0.025060323255044988 -0.01566092636764197 -0.016879509639411608 -0.0006606516706807596 -0.02796602494587288 -0.16431163411952096 -0.003127458032119971 0.05497686608233291 0.032283970089894296 -0.030523302614278987 0.02370960196262391 0.021052504599367448 0.0038384340536737477 0.024164352939822064 0.03734457322943753 0.00026822219155657294
-0.005801760872055617 0.023558418078975654 -0.005902608064916811 -0.015406889113808683 -0.003441962769793355 0.02109046175905342 -0.02675712650248035 -0.010206479470691086 -0.1018255584598083 -0.04726913915445939 -0.025539457967406 -0.030214752798824237 -0.0007257411902899345 -0.03742846952071212 -0.15747713507135574 0.006849224430695304 0.05935969895906074 0.03643393366495114 -0.023697475828200018 0.02171222103926162 0.023502615284622736 0.016684887890450886 0.023304279028894502 0.029978896290481467 -0.0025216714412405177
-0.011046584130728235 0.024540107116018717 -0.006151948419154786 -0.007067179003494549 0.0006136976248448945 -0.006360313142194024 -0.026787631013536352 -0.020615345934398326 -0.11136616536279566 -0.05504655625624577 -0.028794647447725443 -0.03621540778351715 -0.0022305448996159686 -0.038006225751619674 -0.12944301576952408 0.013221530083491835 0.051912931354282606 0.03885385398359782 -0.014835875304730586 0.016117658024739304 0.015910384798237667 0.01923814573036671 0.016012260773755466 0.014942721965749712 -0.0075703681842255455
-0.026535421650988784 0.04174604685290167 -0.009138694681584215 0.022985457691204927 0.006134541766751619 -0.07699429691114637 -0.012147082121659391 -0.03259629491567898 -0.0908797338975847 -0.04867546071758837 -0.03559572562255718 -0.04122816741773466 -0.008966427574116365 -0.046516798476623794 -0.12178728409241374 0.0010739433500111632 0.052582479728887466 0.03917532946482576 -0.0184780511110432 0.014470667338444236 0.004074575859007388 0.01914178316663418 0.010976652433616535 0.02322180117970544 -0.01629340724013858
-0.03236946207039293 0.043858945029947284 -0.009489009015036656 0.033113510019218674 0.010308735280229216 -0.10290804120856105 -0.006718912084376071 -0.03828657497379587 -0.08439549696001662 -0.04716722494942672 -0.036617317752361496 -0.042762192187919025 -0.011064232558873816 -0.04670611293796551 -0.10587207366950772 0.0001378975618635463 0.04762515042484256 0.039830047884074404 -0.015412105706504153 0.011606227860512405 -0.0029626707521409855 0.018110961971159745 0.006410250086404338 0.017131452361984024 -0.020266077771547118
-0.03243483783986103 0.05360195321669865 -0.010442961133077664 0.04390669353203673 0.004491949109859439 -0.12487662676113048 -0.005507049752956199 -0.04091552981882391 -0.0727376265003473 -0.044062489965309086 -0.03871903298242778 -0.043255527241260756 -0.012496438635856517 -0.05012181874819063 -0.08739334558893212 -0.005448340503724868 0.045269675046646786 0.032997647053172166 -0.013878770476011024 0.010347073096718992 -0.00431461504346353 0.023305890211157473 0.006361923141345514 0.01984798196674257 -0.021250196482856178
-0.03994088669090176 0.05072154954673501 -0.01040697606675567 0.053015487836561855 0.013211171701695824 -0.1481172907945356 0.004721134335787007 -0.04445325658621143 -0.059052900702690043 -0.037733725767496465 -0.037243924659699224 -0.04178043960775811 -0.014756081385875811 -0.045936889036266366 -0.07320747102186718 -0.006930002349919826 0.03823453331674882 0.033536350908840655 -0.012929730191833006 0.006490000639829323 -0.013192031176096023 0.01661853399202725 -0.0008012462769244229 0.017299680702193718 -0.024845719196937475
-0.03964804776139078 0.055285200427747636 -0.011003250097685293 0.05989986696766614 0.010136345951946082 -0.1614142227756189 0.00767614819498429 -0.04457834742097547 -0.04587997102328026 -0.03266007746636811 -0.03747006528613075 -0.04007651156224458 -0.015650172803225535 -0.04504554716489018 -0.05671349534333019 -0.011125609832904096 0.03456564542325834 0.025833591790151357 -0.013177325032407983 0.004000438212186725 -0.01419240501963513 0.017739408372208783 -0.003186797845621238 0.024988537895088113 -0.024363810343954254
-0.042356186443533464 0.049907167225542406 -0.010451511358825806 0.06292887394724382 0.015637103088147933 -0.16636293455594386 0.016818586088950076 -0.041949101826814744 -0.026488916799247177 -0.022158095221201646 -0.033232608757057316 -0.03442675032227536 -0.016438754318444136 -0.038122602553983274 -0.04693073335235006 -0.01423039652327984 0.02811283368370312 0.022401383696836093 -0.014756769239400747 0.0013275473676207974 -0.018840094547375716 0.010001967347382602 -0.008013319122882143 0.02896716463027294 -0.024309870834228267
-0.0338772537714477 0.05156253035982154 -0.009899385699353721 0.06000704423524411 0.006117128468042209 -0.1487213916110325 0.01695503090371887 -0.031953433747737944 -0.0037911384263173394 -0.010198733365702444 -0.028566432497323383 -0.025985984839279462 -0.01482569509850921 -0.03506375499548108 -0.040566691606892184 -0.022140878734772534 0.026480648614484924 0.010552442248014684 -0.01781905027774885 0.002980226043354388 -0.013057092336036517 0.010960329623289009 -0.0033105122568293475 0.0400160185164871 -0.018622824880262234
-0.031601712187758486 0.03822627977031185 -0.007736394812249445 0.05102420434578804 0.011208321921390525 -0.12211179572910066 0.02379528215836679 -0.02172518084733109 0.01607907280626571 0.0033590332619631747 -0.019318390615117385 -0.015520325147891503 -0.013193118354051299 -0.02501841610158722 -0.045565771121255885 -0.02439151612208696 0.02162167935767283 0.0096412010239612 -0.020429320063191325 0.004087691320066488 -0.013792700666440501 0.0002481210144106086 -0.0029193927526169304 0.038790426851071876 -0.015419823591060595
-0.024844454434655286 0.03179138801803404 -0.006167457357107292 0.04103522943078791 0.008068187143735247 -0.09128125053381425 0.023711028261202846 -0.011296131953232818 0.02901710997097114 0.01243942694059156 -0.012799103787714488 -0.007382279370540578 -0.010813285934554225 -0.0202307884177053 -0.053358217250582186 -0.027547123415074006 0.02122922275938483 0.006370134165154867 -0.02284481037381341 0.007339637311967892 -0.009226916050218347 -0.003078367100473385 0.002301742035370643 0.039891731833275816 -0.010695677237472712
-0.01771521151381059 0.02966818288498892 -0.005201776625070724 0.03240533757537588 0.0022288644181949844 -0.06447992242452888 0.020556454088271222 -0.002939347111878312 0.03543668782277782 0.017406852935977477 -0.00893075833894609 -0.002128037742837615 -0.008611755154957856 -0.01901642054382462 -0.06295139228016777 -0.0304148382671207 0.02349169167287016 0.003384262306294445 -0.02498783841038278 0.011179847035646463 -0.003172347622773573 -0.002596938827727921 0.008841533256981827 0.04180898812323499 -0.006358161994781234
-0.014572831748741017 0.025779587572396633 -0.004393402510809224 0.025283538045426133 0.0014203516670896709 -0.045117647264699925 0.019208448206667488 0.0021133417287506275 0.03631076607816343 0.019643638717488 -0.006162328926553343 0.0008540698881909237 -0.007213805237090294 -0.01769293278793522 -0.0748612218628848 -0.030804232329400653 0.02561578028010723 0.00460092809673138 -0.026718500953020547 0.013975228178360924 -0.00011354147985010842 -0.0042320616467941 0.012621879926662858 0.041071510889870176 -0.004181903537824293
-0.016898942472601593 0.017211805670828428 -0.003508906944976603 0.01909265962788016 0.00875821169903833 -0.03314050126395171 0.021422713303312965 0.003619538666071964 0.03163817104585655 0.019604751185242457 -0.003721749430197779 0.001937422020378663 -0.006739843294809029 -0.014463493514657576 -0.08936632242390438 -0.027529116633062456 0.026397078812620753 0.011519408151577105 -0.027973806926086146 0.015000174489206323 -0.0016380108805307634 -0.010496419297765878 0.011936285564204417 0.03641353166063281 -0.004676665535940486
-0.010911828966633081 0.023668444264750347 -0.004168323014364206 0.014575736617889055 -0.00045737534293370784 -0.020547072344408106 0.012580111343908488 0.005413460027779466 0.02060954817934612 0.013760958073397219 -0.006698752680069145 -0.0004970381027124814 -0.0053975996393828335 -0.020059530272438834 -0.10058567750088515 -0.027893219112611233 0.03359485351678696 0.009506855116330436 -0.029603974454268392 0.01820521590113612 0.006319848299708411 -0.0028766751181939065 0.018161809275695724 0.04257059170884561 -0.0018793964292259865
-0.014391329547132263 0.01968214431082177 -0.004274033685722557 0.010405651552315624 0.005689651403884004 -0.016881858719599404 0.011293609150077544 0.002573423527748219 0.003409902130087755 0.006326555467025897 -0.00859542173188236 -0.0045181387260803335 -0.005458067407530011 -0.02088927342608235 -0.11765839371354167 -0.022357221419562274 0.0376650131789808 0.017942383743945627 -0.030622439995097436 0.018776473296961634 0.005789177263775006 -0.005206037657894779 0.01694453986901858 0.040254095866804736 -0.0035051281145534064
-0.011113687971585283 0.02889443504412576 -0.005742749337641971 0.008045484032928327 -0.0021826402118934724 -0.014118675696378591 0.00021245422416506473 -0.0007706565610013076 -0.020773028004218427 -0.0070047980781752775 -0.015530620837326129 -0.012211708101400381 -0.004865493836383951 -0.029816497509561193 -0.13179158875451638 -0.019530774929458122 0.04736739964338003 0.01941629751768539 -0.03149927644708926 0.021224260259569114 0.013090751174528 0.004773134443962828 0.02163997571450068 0.04590422960573462 -0.0027168203277290505
-0.016840476879889696 0.02814578581612136 -0.006551859069541314 0.007050135012112013 0.004410718231789629 -0.022172591819433613 -0.0033824834564555968 -0.008982917442473806 -0.049041961064663575 -0.021321121513310597 -0.02110134149964425 -0.021166107364756825 -0.0056651919799878435 -0.033808797517731914 -0.14591476460915193 -0.011046722808916025 0.05237716194979813 0.03018522690780485 -0.030433073952449406 0.020565201826746326 0.011391771913087084 0.0055529624980853905 0.0187347481803086 0.04102294199414777 -0.00645083303920975
-0.01621509731261249 0.03800503217930225 -0.008126767979444437 0.00947161146648727 -0.001511607261512226 -0.03353838274241129 -0.013434965085287335 -0.016811792300380213 -0.07454504907507017 -0.03672069289923391 -0.02915847249497915 -0.03095766241598432 -0.005932129933080365 -0.04270924278313605 -0.1460055857792034 -0.006263800832230224 0.05814273233442449 0.032149823665633466 -0.027472488358590053 0.0203934083968637 0.01474554364709372 0.016254857886520528 0.019974458283847717 0.04023299315496502 -0.008027514300865013
-0.022892368258047108 0.03736238032897059 -0.008536336616281852 0.01463927732754032 0.0053374619520648765 -0.054246253492081765 -0.012848023191336787 -0.02595770711417872 -0.08872955480763217 -0.045291740926715056 -0.03270678669795467 -0.03737343872536711 -0.007454051399704996 -0.04405425324724774 -0.1375609525405507 7.140873906448588e-05 0.05568981867812039 0.03877133122587747 -0.022691846546634437 0.017041220060558315 0.008518092746864154 0.016259313110495416 0.014178968267552347 0.02966103505242413 -0.01291020892288908
0.01120019097232317 -0.007387907517830441 -0.0015864580092955667 -0.0398515342702865 -0.0047255512287414266 0.0574227723217231 -0.047132549641048876 -0.016212937277537934 -0.14103245358672997 -0.07098902066634159 -0.019876853230745083 -0.03164611434817035 0.007151874398198828 -0.009370055629954258 -0.03246182604713835 0.0470192477402882 0.019034577808958716 0.019159324929470378 0.010090921504836491 -0.004826664849826044 0.021266378133863187 0.020973774012983087 -0.004077410694109352 -0.003988811940668668 0.003593940698218931
0.004729272810145323 -7.576936655309757e-05 -0.002289858097786068 -0.022295543431548118 -0.0032335537936003245 0.016391172200649413 -0.03982179013687007 -0.023645768748696554 -0.12479718156789922 -0.06630157860435676 -0.02142506353455911 -0.032863509094544344 0.0040408170481168815 -0.011109575797550439 -0.0025499300415671856 0.04237447566301311 0.01127130433800361 0.016047100261915487 0.014970208625192489 -0.008574190258077874 0.012068876867028525 0.02240336380948447 -0.008906369519996776 -0.011504797401491042 -0.001514022748103107
-0.005037096522352311 -0.0002910665536541416 -0.002472243834534311 -0.005533386950075472 0.005719090511791257 -0.026537391465310037 -0.028001496114352445 -0.03206847206942862 -0.1075904393344965 -0.06043303132686866 -0.021089544990511046 -0.03298974768164382 0.0006497569231431064 -0.006940012846822115 0.03431153309065073 0.041426424981131076 -0.0016427228109912116 0.014303183175129991 0.020786689323292272 -0.015911288610533772 -0.0013962068170778295 0.017640106563965443 -0.02002421084605957 -0.020375054248832434 -0.007540072820381459
-0.006185950215616804 0.01015053704033295 -0.0037371163944122736 0.012559313339318855 0.0001086439134737845 -0.06784577394114208 -0.024081736356318138 -0.03864904671146261 -0.08881038240428406 -0.05621771221304801 -0.02370857199469411 -0.033566872007713806 -0.0016741247653078361 -0.006111806985867793 0.08706436456684095 0.03746502745848015 -0.013689459711560149 -0.0002956724491301209 0.026907029999643624 -0.024189515226710652 -0.007112133125718034 0.023236479951153133 -0.028399962358744025 -0.016019427070696153 -0.009294855478143923
-0.013291541682805387 0.009113632558658411 -0.004281873436275339 0.029949965453619446 0.0069028431292598 -0.1122161671891091 -0.011391296023747242 -0.04578716096087529 -0.0652122892901214 -0.04802407182349485 -0.023033258935701968 -0.03160700853345894 -0.0047323955982294585 0.0036859855709751813 0.14457338518736917 0.03735035437276567 -0.03235264249162431 -0.012226699624302275 0.032459161961996955 -0.03704273224022854 -0.01950335046035943 0.01784783736324188 -0.04577865844230826 -0.01121390573014169 -0.01248206542154127
-0.01696178920810289 0.005512774118941334 -0.004258935134456009 0.04134520092662796 0.012033951805570311 -0.13575594492452056 0.00333691147094652 -0.04428580115143439 -0.029524942551922687 -0.031232779429718402 -0.018350390305331386 -0.023508353372183356 -0.006714627505816264 0.015407411585917902 0.1831893362277641 0.031732112797264116 -0.04719565995546655 -0.02584451056294351 0.03175287153902673 -0.045761660871417476 -0.027620578795928462 0.008731883954319002 -0.057997601602959956 0.002399836751033226 -0.012103158149665085
-0.012167327150446739 0.0026741491970305635 -0.0032548253383685504 0.038464492579970554 0.008969174422642069 -0.11309411542502425 0.013492655667477944 -0.02824988315905308 0.012401065316447553 -0.006726758988602852 -0.009126727073761057 -0.008668489176548352 -0.0059727863530355035 0.02158318712607518 0.16765371988980848 0.016563737635442968 -0.046447838464554 -0.03511184313462008 0.020981465305893964 -0.04066205854945641 -0.02383799050266808 0.00011371922597425144 -0.0515220273907991 0.0205656909052909 -0.00617755303710546
-0.0065153063721582844 -0.0028011211678628193 -0.001453449536489222 0.025431773478040348 0.006962971541110906 -0.06565009425300969 0.019074389322845643 -0.0087831644848814 0.040640510941722836 0.013907586481047177 0.0009002597243154846 0.005181396221133527 -0.003905445165626501 0.022265113659122336 0.11133585438832876 0.0018527538352467773 -0.03463795497731057 -0.03174504493124895 0.007204866022548007 -0.026808578035556543 -0.015900879698323836 -0.008672078392110864 -0.03464874468333235 0.02843700258447257 -0.00037396775523210624
-0.0027574874994980834 -0.0074404184727460175 2.7889098770411422e-05 0.013316556352113628 0.006330620050785125 -0.026096429471279575 0.021092741533090317 0.004923144118740179 0.05365630108258722 0.02574225854353937 0.007693434019514332 0.01369173545730357 -0.0021140418263474554 0.0206227509686181 0.05960794077062994 -0.007407364868731044 -0.02291980522972482 -0.024527613056753297 -0.002709419223485989 -0.014563401183699032 -0.009444731785618003 -0.014519884610207348 -0.01989448666833313 0.029111835062229575 0.0031725566827811354
0.00022729724444957988 -0.009973164874041672 0.001005706590941136 0.004225124909188486 0.005160910395047527 0.002484081772869472 0.020915036383573983 0.013945781966342666 0.0590625382995482 0.03205310638903735 0.011750110720434352 0.018599163919705217 -0.0007193305276008991 0.01828978707208664 0.021659789540660463 -0.013157270059168282 -0.013667415834566632 -0.01856085940045362 -0.00920452145748239 -0.005518079665462185 -0.004274844748642404 -0.01734925611584334 -0.008754445566276347 0.028235568090163414 0.005534654099391526
0.0070768432002557115 -0.005442595347312558 0.0011648290865422576 -0.00278298408252595 -0.0038692121005192382 0.026698614057262312 0.01509658176162754 0.021362660647530386 0.060056835972455674 0.03410992635835438 0.012648289698599366 0.020993943415459886 0.0010012140287360834 0.012818408284685402 -0.004426954661779537 -0.01884418331556163 -0.004084159357472227 -0.01855872771982223 -0.013887339026304414 0.0022866840125900303 0.004401663316156291 -0.012877047757973662 0.0030403109038737723 0.03194869092417689 0.00919430720349212
0.006244004386402571 -0.011914754300844837 0.0019531254241048237 -0.010177420025859668 0.0009167386336729894 0.04348388538357824 0.015670918463391546 0.024395975217817993 0.05504919707756103 0.034200508687170665 0.014843881157083681 0.022221589147767375 0.0017710719801584014 0.01383178522698132 -0.0270093034051865 -0.017354738601669552 -0.00011046960783237677 -0.011322138644827869 -0.016591734367229622 0.005620575065478149 0.00519787189125698 -0.017529735849261416 0.005752425284333964 0.028542514531625485 0.009426618232919286
0.012040777362764502 -0.009946911523321868 0.0017092270535224968 -0.018440628670020946 -0.00548581430851738 0.06309678225568 0.006920074504655082 0.02687728693106007 0.04035538143779119 0.027419112027246277 0.012891098969734909 0.020172130700021954 0.003616981713559862 0.010602114268311959 -0.04119699772892987 -0.015027333362751626 0.006510341470740496 -0.011450365822244861 -0.01822700100917718 0.008303174195251093 0.012974766956631717 -0.012409852832100677 0.010669451061701836 0.03363090247155338 0.012546783616389048
0.015473606837134984 -0.014240448274544631 0.0017352118948069104 -0.030383380559170524 -0.005834124061097695 0.08572473773327235 -0.0016562117096352478 0.027313650705096455 0.015031772585019502 0.016078587168807047 0.010785404898949491 0.016316134173414435 0.005657422749072814 0.010422497660825815 -0.057183623385695666 -0.0066584439608398 0.011859807607138586 -0.007460268578581229 -0.018961649546690072 0.00875579531292719 0.018960350616458208 -0.010790982414136254 0.011281796576688737 0.03658957519965627 0.014842471260009357
0.019283708817315007 -0.022228321174600777 0.0017919382673616936 -0.04837584428203586 -0.004160227652574818 0.11720284525518548 -0.014603902825224035 0.02604595606046549 -0.027622834038363804 -0.0034137779013215463 0.007060059640621487 0.009135748193412755 0.008584885113934564 0.01078799074096637 -0.07883885878880396 0.008442121600995372 0.0188517290454907 0.0001344776389585248 -0.018807912212648187 0.008189215581877287 0.026598177764074582 -0.008956646411798538 0.0101619240497847 0.038715372905941806 0.017419833383275986
0.02684420914120031 -0.026640475678677927 0.0011332640719089518 -0.07135764036399754 -0.007917274924266731 0.1548005267958887 -0.03896355799769938 0.020697102805322713 -0.09708387571883552 -0.03762625644795527 -0.002012283760794575 -0.00523954199626461 0.012789333460139028 0.006568619289023863 -0.1010535725826498 0.031100817083584534 0.029970661056627386 0.008822620619023952 -0.0155735555292428 0.006943211552547829 0.03957186623915708 0.0011863447094823815 0.009838412454384975 0.040242165492412815 0.020796590882140475
0.028015902024820426 -0.022713170914720568 -0.00018264800337252943 -0.0773245816323382 -0.010903206885581336 0.15143035206700917 -0.05864775905148139 0.00625900239963264 -0.15693999133830103 -0.07078945406502485 -0.01369126094543337 -0.022892822629749798 0.014034811153661411 -0.0017734189160054565 -0.09525645383614771 0.05063602798675935 0.03463377592596134 0.017139584931199738 -0.005633451902264331 0.0029492685954199214 0.04354456486955816 0.015040009085727377 0.006302925888366829 0.028209436920437456 0.018177552442256533
0.017695397358737684 -0.01693886195230896 -0.0008553883628783812 -0.05922871023124787 -0.004840171742650558 0.10175200334509404 -0.05400118098844199 -0.008139088803798775 -0.15844459264838007 -0.07580707188868376 -0.018000642060502586 -0.030027641412488305 0.010476898927657812 -0.005682187696530231 -0.06314695167702294 0.0529397216129821 0.0263701910474391 0.021789407402003073 0.004301933369954923 -0.0020682258036498675 0.030784196099557043 0.017856538016946602 -0.000929877156945879 0.007004649727048886 0.009380463642654088
0.018409305640246124 -0.021182337922401814 -0.002789767829794866 -0.06080759428941039 -0.0028077512668855335 0.08263329062144803 -0.06542636012138045 -0.023611924956195497 -0.20390496744239128 -0.10354743220531658 -0.028270345498977095 -0.04362897874624784 0.011204108246237207 0.003384560915739986 -0.003223421944348241 0.0780969273853607 0.012816611609613806 0.01064130753674269 0.015021552176140821 -0.02259066797518789 0.03033452447758669 0.02372326181125107 -0.02626612261907883 0.022474012423465573 0.01024790210940615
0.015342425957122836 -0.010020505854307402 -0.0040668532468673335 -0.04459873701739732 -0.006756323404442933 0.043302455232184414 -0.06440668613385415 -0.03256351870779229 -0.19803378068211205 -0.1052787370586929 -0.0327500616208467 -0.04793463353688299 0.008803880578050606 -0.0006331066338864733 0.032204755577437474 0.07606791336180985 0.006327790160173145 0.004521068969816656 0.021451782240290526 -0.027363642358008325 0.024834488713740215 0.030863878450965394 -0.030816620226701105 0.018149168588918053 0.006422059984774025
0.005840336786996215 -0.011845050019681152 -0.004452288680264079 -0.029281577381777297 0.002935985360287792 -6.536599782361049e-05 -0.05461182409256127 -0.04304867059209093 -0.18911245325423784 -0.10406131354409799 -0.03379567447784672 -0.050100743839826496 0.005707664865167265 0.005294504552824778 0.07660732653982434 0.07960182751009445 -0.008442555740323748 0.0016044325051504493 0.028784042930839547 -0.03776075380838221 0.011562971037498064 0.02658131992646215 -0.045815672651482564 0.01152755840281274 0.0007107520244879874
0.0056421412841027195 -0.0018384181374441007 -0.0058575130458816144 -0.011233053261078145 -0.003348242883834076 -0.0415927469211875 -0.05064153995512759 -0.04932730747882863 -0.16908684324045364 -0.09952916298390914 -0.03643125346325344 -0.05016886007349452 0.003539652152063795 0.008131239542947312 0.13653332587668682 0.07632789170861082 -0.022454793642369002 -0.01645128608056747 0.03487750755256969 -0.04809524751052393 0.006311076514946881 0.03201114191385517 -0.05655822301170374 0.020754008988190548 -3.2435738709047854e-05
0.00046011657458166236 -0.0017908687373454364 -0.00593776268311982 0.005685025090235646 0.0009069651610271198 -0.07653508187917205 -0.03433137789892902 -0.04959905513487835 -0.12744210753524043 -0.08076471153169211 -0.03203886054295622 -0.042288218025014715 0.0006595977118684238 0.017474674879799732 0.1806525094157967 0.06783943797661861 -0.03826662077370545 -0.029877984733009615 0.0358063246041301 -0.05613106502144205 -0.0041781323772134196 0.02449872293281702 -0.06757965113755353 0.02886043133892982 -0.0014539391537511305
-0.002431054153997549 -0.004782770669366323 -0.00475070862609557 0.013842201026064012 0.004950289481420648 -0.08061875758377564 -0.015230260380930899 -0.03837198767929214 -0.07222136085573844 -0.05068302468477591 -0.021713037694157906 -0.02697429423002495 -0.0010515937092038638 0.024425805494473422 0.1787473056664531 0.04999904725393285 -0.043600197140370625 -0.03611842737194452 0.028117577411179952 -0.0528145231147507 -0.009997850650881927 0.011875039496522868 -0.06501867093576413 0.035658144795523 -0.0005620873823361443
0.002901739296968612 -0.0006587990594933596 -0.003652670916421211 0.01309077596284006 -0.0027287625706909494 -0.05703951072572352 -0.0066468372011440156 -0.020874594758946343 -0.026128692527791042 -0.023880660318991102 -0.012564211927601281 -0.012098174919882786 -0.0006024499384287978 0.022243979994812264 0.14416013554947213 0.02799411063199436 -0.03567024395721492 -0.04016421767852209 0.01635895313663376 -0.04000447435818548 -0.00465016246916052 0.007543605198307445 -0.04784254281110647 0.043897408774122786 0.003968526483952697
0.004807774366911254 -0.002587498850921823 -0.002169326272458772 0.007948480500281942 -0.003405843979834743 -0.02973021686660087 0.0008904158355459435 -0.006605092845507946 0.0038030625525630963 -0.004158595101887924 -0.004172839700498783 -0.0006639397335516916 -1.262395377825179e-05 0.020633692641843268 0.09974934552329218 0.012787816029570492 -0.02659136379878681 -0.03548314259985649 0.006120258714149122 -0.027456487794323404 -0.001416872590885082 0.0004317932667300371 -0.032744597853478524 0.043769458963348384 0.006402500422786397
0.005155855822717472 -0.006265572161036977 -0.0008481553643363345 0.0021025633071604793 -0.0015037319222222267 -0.006339650135164956 0.006259285268080086 0.0035295866344770303 0.021190503903438015 0.008680914170808482 0.00215339612302436 0.007052196587377079 0.0005420258294517706 0.019403434900118734 0.060505221191743716 0.0032780595517641325 -0.01878819265587289 -0.028430737078769582 -0.0014097405491077272 -0.01747755695304034 0.0005012865158997794 -0.006068881095101874 -0.0213401732611685 0.040384494103296635 0.007574099993241968
0.006651762333340881 -0.007701266842325452 5.456693100279433e-06 -0.0032590914523817215 -0.001992728013327294 0.013340409477509965 0.007946575004474283 0.010964304563391257 0.030398866254026328 0.01617703548849535 0.006022882529147265 0.01185125649440311 0.001266776079494314 0.017208466139385085 0.029976741142927168 -0.0032535024135989586 -0.011676834874444018 -0.023348034113469435 -0.006805039896585932 -0.009586636526620734 0.0034794242314778374 -0.008975524142790958 -0.011754992571185443 0.03816055765043376 0.008873172952934449
0.009079445919444418 -0.007645725681935076 0.000492939052870731 -0.008314579414193236 -0.00423015159047817 0.03023812590784021 0.0069332272101200534 0.016396671358208013 0.033546795652697116 0.01968107013365696 0.008059058370668502 0.014526373153422263 0.002138078146394492 0.014651528101152405 0.006927823711270894 -0.007372419469954422 -0.005389258821442 -0.020163795057179114 -0.010618737072893394 -0.003594479685116541 0.007270988018531318 -0.009316288958016216 -0.003960937362933134 0.0375169671020458 0.010396726595413113
0.010439840943775393 -0.00969084195688781 0.000872017460548619 -0.01396542500297325 -0.004168389083956299 0.04465560566126524 0.005272219877177461 0.019426130723783137 0.029717610544745542 0.019372162083884707 0.00905206670851779 0.015295475454195651 0.002991696537279593 0.01370418168711891 -0.010581741031518474 -0.007490464117809814 -0.0009249631267618378 -0.016520152101362588 -0.012981023339914244 -0.00020233531397031903 0.01000716798011096 -0.01022271730519899 8.536528935211172e-05 0.03695322754430244 0.011439161826941855
0.01289051816186584 -0.011712377699891165 0.0009365569304426913 -0.021179463824093483 -0.0050783677568064225 0.05973617018413615 0.0003954211805544814 0.020702847895992246 0.016930225431336467 0.013978706314480505 0.008222321632560363 0.013735054061313933 0.0042502486556879205 0.013108200102756875 -0.022911592562680206 -0.0038801097500272266 0.003084223164092763 -0.014188982693239623 -0.014129447826687472 0.0010677592490890692 0.014069906471813783 -0.00922758937369981 0.0018281369427743353 0.038972777745704845 0.013057967366485042
0.01565004903835784 -0.015660515743818833 0.0008880451927031134 -0.03111566673632266 -0.005053050519714614 0.07744702848032835 -0.0070769879233568075 0.020311608674533656 -0.006024922691667924 0.0033795275148511775 0.006071284868929974 0.009954603151099143 0.005956959349234576 0.01352369979963309 -0.033163208907498014 0.004281564766879566 0.00672937599353022 -0.01133124334933865 -0.01419347768725198 0.00041427492698707956 0.018847043024339875 -0.007791104475722677 0.0010139612774252502 0.04197923373575717 0.014947492419810162
0.018812479140741276 -0.021890771081007267 0.0007296999998666065 -0.044851515091172856 -0.003930643306628011 0.09948502806162443 -0.0181465993375854 0.017918437477137915 -0.042562181148252325 -0.014040259474815023 0.0022257303176696566 0.0032292333683046986 0.008271121343633944 0.014613881981162957 -0.0433073615705549 0.018053162921854833 0.010690744417135281 -0.006959664044498213 -0.013002114852368386 -0.0020107199255620873 0.024741715062657127 -0.005603792632063967 -0.0022000326146513604 0.045277310801734305 0.017077065050586773
0.026423168632258593 -0.023833648456241214 -0.00016239420423638763 -0.06209460355840417 -0.009401304295749903 0.12655191227962492 -0.038783525679664234 0.013103926173058358 -0.09780816720212504 -0.04220189329652774 -0.005953915453003529 -0.008579971453888554 0.01174174399168773 0.012278201317337365 -0.050031204746607584 0.03683447933484981 0.017472860508463115 -0.0047842647031281675 -0.009695017097966323 -0.005466244146350288 0.036027226277168624 0.004261297608025599 -0.004806114866346705 0.05176393889110581 0.020809635445151336
0.028025957969872166 -0.0297312006281295 -0.0009473548357563717 -0.07650120757685791 -0.006850578979312051 0.1396854780645423 -0.057247153243698556 0.001696464151615066 -0.1625252961686142 -0.07569297989585369 -0.01544358598466723 -0.02423977374717951 0.01412239027880379 0.011172806816398049 -0.04931964259961414 0.0615007030330072 0.020573992450624395 0.003586464106616891 -0.002290930292812178 -0.012114915373439313 0.04102645934062882 0.011520559438282854 -0.013235697371039874 0.04780725591947885 0.02054843280730977
0.02794403747447297 -0.023197684594680086 -0.002301651746843559 -0.07450576629591033 -0.010467961833553946 0.12272425330492963 -0.07010232127724232 -0.01130633877348344 -0.20019680083895838 -0.09854400675858271 -0.024878197608491012 -0.037540953390210366 0.014127712490582287 0.004687722593600129 -0.029694204831491156 0.07416913850007507 0.02053189075026857 0.006018657271343424 0.007022222789195144 -0.017177465004119576 0.04164566985980216 0.023451575468718552 -0.01797554875809408 0.038806145190727455 0.017585760754279665
0.04713425321249525 -0.05499352752466741 0.005407213401842415 -0.06686252705239683 -0.016035680758036387 0.1364163024276248 -0.0363680628396546 0.018644559774004886 -0.049418046881213915 -0.024544166992489538 0.013125611044559662 0.012189949201105896 0.017938244843793968 0.05864071029670735 0.15439343652334142 0.05688269309957478 -0.05072778887566463 -0.055150136011990765 0.025271505287244207 -0.04202363414510815 0.024426597619506257 -0.0007814443574774566 -0.04235261489517027 0.033910472744328374 0.031391437716608586
0.03858002757181599 -0.047994082102297775 0.0031300178399616763 -0.06066867199029958 -0.010553388691802213 0.11518364066392033 -0.03532876778367279 0.01105758098007288 -0.0674355240342963 -0.03380076859693443 0.005342886195713477 0.0034897371466317564 0.015293604326242974 0.050901489419975104 0.1261766156721572 0.05738797847517766 -0.03994434612846028 -0.04659367650239525 0.018952633944784417 -0.04058775618579407 0.023610327697499496 -0.0004074792533953625 -0.04357928387109868 0.04535166305092088 0.027500402642145386
0.013902026096512544 -0.020825285631181616 -0.001673974916850361 -0.0308140882048324 -0.0001466422947691202 0.04292629753580066 -0.02315127635823625 -0.004805100404502672 -0.07394375563616068 -0.03809414605013352 -0.009154561681598136 -0.01145863725436025 0.006345670179205953 0.023469229582157327 0.05006382972582318 0.040502124897986325 -0.012040506628774159 -0.02170005564569626 0.0036340222861079184 -0.02728493075814795 0.015292804537919633 0.0014077607203938566 -0.033487243377632495 0.052374144727878574 0.013327544515149692
-0.013396796238303756 0.019867563430635168 -0.006453768080324274 0.012227948043782532 0.004656715900898133 -0.04495043156737056 -0.0033177422563010076 -0.016511928263912044 -0.04675774178732469 -0.02546950944518327 -0.021004246244713674 -0.021088197042198855 -0.0049911939891906934 -0.015366102093270908 -0.04844021157127321 0.003651784891411198 0.023470218213613878 0.0069661975452583015 -0.01596291334418733 -0.001964959632657598 0.00470890802458299 0.00568181616338271 -0.0074911295967066876 0.048350772254461036 -0.004126249555901863
-0.027277152436023754 0.047371644601976175 -0.00890759644627296 0.03890709117342451 0.0030751032160469334 -0.09287283111072825 0.009279244344583399 -0.0193946626140615 -0.017703073681744685 -0.011183271893906428 -0.025804446595280296 -0.023224127413491006 -0.011550790460416729 -0.04087106722885963 -0.11220793463239141 -0.02485967548754343 0.046374900089386654 0.02275116345947322 -0.028780107463687487 0.017258120119901285 -0.00015595264995088218 0.009632564494978926 0.014374665803945436 0.043123616057965615 -0.013724651140411537
