0.0808548934552948 -0.16249785102198716 0.03421722517281373 -0.16521038804034371 0.10829531810318721 -0.2269256043511209 -0.012030739592110951 -0.023370184389150356 -0.06597096966084223 -0.034724745906746915 -0.013029139879860608 -0.008786797050461861 0.01403776935676078 0.056877557122744934 -0.10427145582011836 0.02913134611074926 0.02371367517336425 -0.019541068708109573 -0.05553198873198166 -0.019436724687492777 -0.06911301033559734 0.019062666233245068 0.09889637266438497 0.07296845521555476 0.07476032450402655
0.09278483491399409 -0.10531125964010218 0.03216387830611478 0.03795660457281948 -0.0034669790798390883 -0.03877838397439587 0.07992246346263719 0.005807066216866587 0.025421932915379305 0.039599411883410186 -0.0011554326300874467 -0.026607132863735592 0.04712166198318065 -0.276623896116855 0.02904167175440512 0.09387492630350557 0.0001463486282996956 0.08311572656814854 0.05350102301953733 0.0208566983308201 0.06781493601446142 0.011622361774857287 -0.21130715061588679 0.23542330028013062 0.14860662158306098
-0.03344568483339199 -0.013243970436796492 0.028091060644581882 0.17798506677001322 -0.058819935247482386 0.038618821275643464 -0.10335274201578101 -0.04344110209316467 -0.027073923829708153 -0.0549592374969141 -0.03567032076410586 -0.02756668871558768 -0.1385525175368921 0.4136477599374716 -0.05931353633022121 -0.08297713948141279 0.1555391106838166 -0.1653255355828504 -0.02804982462658712 0.1228304047596935 -0.025232652856111672 -0.01423565057221074 0.012194964406041888 -0.09717394968046351 -0.1473348990459324
-0.08636459657790659 0.024328520593775278 0.010067046497533911 0.0012087577704263574 0.002359082231869327 -0.12632615968877156 -0.07536734204647207 -0.04842457736532556 -0.06473967977537244 -0.04014037972481784 0.032994660473802694 -0.00795001094238898 0.05857957261139944 -0.03755987931166825 0.03400027334700772 -0.017593328838543483 -0.11115984367733381 0.07995519937604606 -0.0429395554228993 0.002970968698404598 -0.05696967526073488 -0.029453419124426575 0.03707781077928074 -0.10805526401578469 -0.05834394841923199
0.007712550230111953 -0.08013880560276705 0.1660984437034392 0.5349589100139235 -0.2640499846367959 0.17465816346790353 -0.05584881720327259 0.02572104950633295 -0.019115004324461227 -0.014659536650925778 0.0014734843329791923 -0.04965681977328489 -0.047550677100013865 -0.040057408672880726 -0.04716746933571158 0.005748482382249345 -0.07442916075409571 0.03958748634741174 -0.021082776778853785 -0.03861586405026215 -0.0018790145593575724 -0.001614275837965251 0.025194801947535383 0.00678006196300647 0.012239425614429278
-0.11615629839986076 0.15442124305291594 -0.027289971707165718 -0.03633425654974729 0.00839712632315074 -0.06152876017213425 -0.025411404641206156 -0.02686931696296075 -0.04222681284310824 -0.016460071134453146 0.03448019947122486 -0.012237607477394552 0.020705324539481814 0.013363655221942097 0.02595291168432151 0.011419597089268861 -0.07076164610967858 0.043547161793708905 -0.021030050420777283 -0.006208247339911304 -0.028010435526297464 -0.01905172331249744 0.017288262137083073 -0.05631050308402101 -0.01582802819499045
-0.23549456212918957 0.49112699538366816 -0.09181035188614137 0.03234780481904339 0.01999451143740951 0.05154834271319956 0.07823904240333748 -0.017484164265839573 -0.05894243549171741 0.01619588604509284 0.08411119743505044 -0.041794115974081475 -0.22893592183795894 0.3916541302380403 0.02462223257846241 0.07269162144558991 0.12736861921997555 -0.1863930659281115 0.059944693989867646 -0.07957688380909288 0.1138331407218168 -0.0008933993366006757 -0.048787594095194176 0.13199903046116973 0.2419219673806056
-0.19779455238334737 0.43472506894656154 -0.06927551770672932 -0.04487999835867843 -0.10458690336742252 0.2158334480912519 0.07496160861890831 0.060724668156301106 0.06541788285549362 0.05344864703513338 -0.01221582874595674 -0.021335448026049014 0.10543988855512117 -0.17495794718635904 0.01249842774822177 0.1434130055737196 -0.19371213759590816 0.15329522350133173 -0.015321400285797362 0.032285271278189843 -0.05860860893593524 0.007746061223145986 -0.02176241991235369 -0.002195962586318656 -0.09055345917453075
-0.15999835142462462 0.36967890699913486 -0.08620616709874761 -0.14417233525600956 -0.03757715137130422 0.1419246066609325 0.07636970301360825 0.04783350268563488 0.0600194414148967 0.04905078680890387 -0.01246629789707754 -0.009825674035232969 0.10866921419605845 -0.16491176394324691 0.01586293512786608 0.12497153145843426 -0.15620584242312482 0.13409256446388404 -0.010691720870256289 0.035855333814011195 -0.052797327446083994 0.007687681977053024 -0.026820821537201032 0.004870126983724188 -0.07736588000922243
0.09237139218859552 -0.1015325425345869 0.057837385955770204 0.13381873067208103 -0.053850535562621336 -0.0037235788280702057 0.0789606957086033 0.010580748762648938 0.02430146378035222 0.041602896689799405 -0.00033586607604805467 -0.03906009483235242 0.03588342021688318 -0.29544701822671154 0.028680757701738006 0.10807689228691987 -0.008255925347472857 0.08796897354690053 0.057768386248457426 0.018254148920318302 0.08019200506431069 0.01567416670708699 -0.23074924805763464 0.266030472957425 0.1705713846570173
0.031662058433229834 0.03067993066877286 -0.11953369223193652 -0.41646792800829524 0.20957673675407637 -0.15352218369970064 0.0687877704734113 -0.014277718037239514 0.021716222851084235 0.02238663312254151 -0.002861860413656366 0.028540622975388282 0.04512641678934233 -0.03545558095062635 0.027335986369853328 0.017389412133208056 0.07308731275109605 -0.013629353252413804 0.028494300468936567 0.03235736975493827 0.018803704646004393 0.007173733467513432 -0.06815192941460385 0.06692176825243193 0.03726690382523779
-0.0736204196988891 0.0771820476688248 -0.013689525604698464 -0.05896844668315655 0.004098475681300674 -0.0825818228031998 -0.031223984393867768 -0.044709865426443535 -0.05680378693247541 -0.02445821993443673 0.001794804464631124 -0.00013506935306209107 0.004916727740967557 0.03951225577199156 0.07148323814190138 0.08403417744524783 -0.06234598904099965 -0.03943556430628823 -0.009557344904630087 0.017185101133642834 0.0036111381023841128 0.03294517054492581 -0.004373010848636071 0.08017124015805306 0.0772415898290755
0.09359210059563006 -0.07188755233455375 -0.10643857822466427 -0.3183923282864078 0.20034696097332344 -0.025196067467716538 0.07446415335197869 0.02775819022386997 0.088176696122652 0.03795584824261503 -0.011742925984115178 0.0410215227011993 0.014578229361490362 0.023210390480390784 -0.047436834271140954 -0.1153667019517139 0.15721143933819376 -0.005006112113227661 0.03257260558081931 0.02919215602483258 -1.8607286465965878e-05 -0.04290961530226811 -0.03176848569185723 -0.10858645957611307 -0.12088890749648296
